15000 9.06034e-005 9.06034e-005
30000 4.53029e-005 4.53017e-005
45000 3.02021e-005 3.02011e-005
60000 2.26515e-005 2.26508e-005
75000 1.81212e-005 1.81207e-005
90000 1.51009e-005 1.51006e-005
105000 1.29436e-005 1.29433e-005
120000 1.13256e-005 1.13254e-005
135000 1.00672e-005 1.0067e-005
150000 9.06041e-006 9.06034e-006
165000 8.23673e-006 8.23667e-006
180000 7.55027e-006 7.55028e-006
195000 6.96952e-006 6.96949e-006
210000 6.47165e-006 6.47167e-006
225000 6.04012e-006 6.04023e-006
240000 5.66266e-006 5.66271e-006
255000 5.32953e-006 5.32961e-006
270000 5.03336e-006 5.03352e-006
285000 4.76839e-006 4.7686e-006
300000 4.52998e-006 4.53017e-006
315000 4.3143e-006 4.31445e-006
330000 4.11816e-006 4.11834e-006
345000 3.93915e-006 3.93928e-006
360000 3.7749e-006 3.77514e-006
375000 3.62398e-006 3.62414e-006
390000 3.48456e-006 3.48475e-006
405000 3.35542e-006 3.35568e-006
420000 3.23549e-006 3.23584e-006
435000 3.12391e-006 3.12426e-006
450000 3.01983e-006 3.02011e-006
465000 2.92241e-006 2.92269e-006
480000 2.83099e-006 2.83136e-006
495000 2.74539e-006 2.74556e-006
510000 2.66441e-006 2.66481e-006
525000 2.58822e-006 2.58867e-006
540000 2.51645e-006 2.51676e-006
555000 2.4485e-006 2.44874e-006
570000 2.38394e-006 2.3843e-006
585000 2.32303e-006 2.32316e-006
600000 2.26475e-006 2.26508e-006
615000 2.20966e-006 2.20984e-006
630000 2.15694e-006 2.15722e-006
645000 2.10661e-006 2.10706e-006
660000 2.05886e-006 2.05917e-006
675000 2.01306e-006 2.01341e-006
690000 1.96918e-006 1.96964e-006
705000 1.92733e-006 1.92773e-006
720000 1.88743e-006 1.88757e-006
735000 1.84862e-006 1.84905e-006
750000 1.8118e-006 1.81207e-006
765000 1.77639e-006 1.77654e-006
780000 1.74208e-006 1.74237e-006
795000 1.70899e-006 1.7095e-006
810000 1.67747e-006 1.67784e-006
825000 1.6471e-006 1.64733e-006
840000 1.61747e-006 1.61792e-006
855000 1.5893e-006 1.58953e-006
870000 1.56168e-006 1.56213e-006
885000 1.53544e-006 1.53565e-006
900000 1.50968e-006 1.51006e-006
915000 1.48487e-006 1.4853e-006
930000 1.46125e-006 1.46135e-006
945000 1.43801e-006 1.43815e-006
960000 1.41522e-006 1.41568e-006
975000 1.39347e-006 1.3939e-006
990000 1.37223e-006 1.37278e-006
1.005e+006 1.35196e-006 1.35229e-006
1.02e+006 1.33223e-006 1.3324e-006
1.035e+006 1.31259e-006 1.31309e-006
1.05e+006 1.29412e-006 1.29433e-006
1.065e+006 1.27604e-006 1.2761e-006
1.08e+006 1.25799e-006 1.25838e-006
1.095e+006 1.24078e-006 1.24114e-006
1.11e+006 1.22372e-006 1.22437e-006
1.125e+006 1.20751e-006 1.20805e-006
1.14e+006 1.19171e-006 1.19215e-006
1.155e+006 1.176e-006 1.17667e-006
1.17e+006 1.16102e-006 1.16158e-006
1.185e+006 1.14625e-006 1.14688e-006
1.2e+006 1.1325e-006 1.13254e-006
1.215e+006 1.11816e-006 1.11856e-006
1.23e+006 1.1043e-006 1.10492e-006
1.245e+006 1.09144e-006 1.09161e-006
1.26e+006 1.07788e-006 1.07861e-006
1.275e+006 1.06542e-006 1.06592e-006
1.29e+006 1.05301e-006 1.05353e-006
1.305e+006 1.0412e-006 1.04142e-006
1.32e+006 1.02881e-006 1.02958e-006
1.335e+006 1.01758e-006 1.01802e-006
1.35e+006 1.00629e-006 1.0067e-006
1.365e+006 9.95538e-007 9.95642e-007
1.38e+006 9.84298e-007 9.8482e-007
1.395e+006 9.73546e-007 9.7423e-007
1.41e+006 9.63398e-007 9.63866e-007
1.425e+006 9.53441e-007 9.5372e-007
1.44e+006 9.43588e-007 9.43785e-007
1.455e+006 9.33532e-007 9.34056e-007
1.47e+006 9.24036e-007 9.24524e-007
1.485e+006 9.14606e-007 9.15186e-007
1.5e+006 9.05254e-007 9.06034e-007
1.515e+006 8.96998e-007 8.97063e-007
1.53e+006 8.88067e-007 8.88269e-007
1.545e+006 8.79361e-007 8.79645e-007
1.56e+006 8.70839e-007 8.71187e-007
1.575e+006 8.62333e-007 8.6289e-007
1.59e+006 8.54183e-007 8.54749e-007
1.605e+006 8.46593e-007 8.46761e-007
1.62e+006 8.38499e-007 8.3892e-007
1.635e+006 8.30756e-007 8.31224e-007
1.65e+006 8.22883e-007 8.23667e-007
1.665e+006 8.15905e-007 8.16247e-007
1.68e+006 8.08463e-007 8.08959e-007
1.695e+006 8.00987e-007 8.018e-007
1.71e+006 7.93962e-007 7.94767e-007
1.725e+006 7.87114e-007 7.87856e-007
1.74e+006 7.80566e-007 7.81064e-007
1.755e+006 7.73799e-007 7.74388e-007
1.77e+006 7.67562e-007 7.67825e-007
1.785e+006 7.61317e-007 7.61373e-007
1.8e+006 7.54601e-007 7.55028e-007
1.815e+006 7.48098e-007 7.48788e-007
1.83e+006 7.42168e-007 7.42651e-007
1.845e+006 7.35967e-007 7.36613e-007
1.86e+006 7.30533e-007 7.30673e-007
1.875e+006 7.24715e-007 7.24827e-007
1.89e+006 7.18319e-007 7.19075e-007
1.905e+006 7.12521e-007 7.13413e-007
1.92e+006 7.07336e-007 7.07839e-007
1.935e+006 7.01813e-007 7.02352e-007
1.95e+006 6.97061e-007 6.96949e-007
1.965e+006 6.91587e-007 6.91629e-007
1.98e+006 6.86392e-007 6.86389e-007
1.995e+006 6.81105e-007 6.81229e-007
2.01e+006 6.75169e-007 6.76145e-007
2.025e+006 6.70703e-007 6.71136e-007
2.04e+006 6.65986e-007 6.66201e-007
2.055e+006 6.61404e-007 6.61339e-007
2.07e+006 6.56004e-007 6.56546e-007
2.085e+006 6.5176e-007 6.51823e-007
2.1e+006 6.46914e-007 6.47167e-007
2.115e+006 6.42089e-007 6.42577e-007
2.13e+006 6.37943e-007 6.38052e-007
2.145e+006 6.32992e-007 6.3359e-007
2.16e+006 6.29407e-007 6.2919e-007
2.175e+006 6.24868e-007 6.24851e-007
2.19e+006 6.20171e-007 6.20571e-007
2.205e+006 6.15398e-007 6.1635e-007
2.22e+006 6.11495e-007 6.12185e-007
2.235e+006 6.08092e-007 6.08077e-007
2.25e+006 6.04128e-007 6.04023e-007
2.265e+006 6.00074e-007 6.00023e-007
2.28e+006 5.96289e-007 5.96075e-007
2.295e+006 5.91497e-007 5.92179e-007
2.31e+006 5.8833e-007 5.88334e-007
2.325e+006 5.83828e-007 5.84538e-007
2.34e+006 5.80896e-007 5.80791e-007
2.355e+006 5.762e-007 5.77092e-007
2.37e+006 5.73489e-007 5.73439e-007
2.385e+006 5.68769e-007 5.69833e-007
2.4e+006 5.65469e-007 5.66271e-007
2.415e+006 5.62622e-007 5.62754e-007
2.43e+006 5.5884e-007 5.5928e-007
2.445e+006 5.55101e-007 5.55849e-007
2.46e+006 5.51802e-007 5.5246e-007
2.475e+006 5.48806e-007 5.49112e-007
2.49e+006 5.45598e-007 5.45804e-007
2.505e+006 5.41542e-007 5.42535e-007
2.52e+006 5.39299e-007 5.39306e-007
2.535e+006 5.36217e-007 5.36115e-007
2.55e+006 5.32429e-007 5.32961e-007
2.565e+006 5.30055e-007 5.29844e-007
2.58e+006 5.26213e-007 5.26764e-007
2.595e+006 5.23114e-007 5.23719e-007
2.61e+006 5.19669e-007 5.20709e-007
2.625e+006 5.17155e-007 5.17734e-007
2.64e+006 5.13987e-007 5.14792e-007
2.655e+006 5.11603e-007 5.11884e-007
2.67e+006 5.09343e-007 5.09008e-007
2.685e+006 5.05693e-007 5.06164e-007
2.7e+006 5.02908e-007 5.03352e-007
2.715e+006 5.00372e-007 5.00571e-007
2.73e+006 4.97685e-007 4.97821e-007
2.745e+006 4.94602e-007 4.95101e-007
2.76e+006 4.9269e-007 4.9241e-007
2.775e+006 4.88715e-007 4.89748e-007
2.79e+006 4.86399e-007 4.87115e-007
2.805e+006 4.84898e-007 4.8451e-007
2.82e+006 4.82285e-007 4.81933e-007
2.835e+006 4.79182e-007 4.79383e-007
2.85e+006 4.7569e-007 4.7686e-007
2.865e+006 4.73438e-007 4.74363e-007
2.88e+006 4.70795e-007 4.71893e-007
2.895e+006 4.68459e-007 4.69448e-007
2.91e+006 4.66473e-007 4.67028e-007
2.925e+006 4.64729e-007 4.64633e-007
2.94e+006 4.61743e-007 4.62262e-007
2.955e+006 4.58781e-007 4.59916e-007
2.97e+006 4.56983e-007 4.57593e-007
2.985e+006 4.5443e-007 4.55293e-007
3e+006 4.52208e-007 4.53017e-007
