0 1845
1 2090
2 1920
3 1990
4 2080
5 2163
6 2090
7 1950
8 2040
9 2105
10 1998
11 2023
12 1858
13 2043
14 1980
15 2015
16 1960
17 1930
18 1763
19 2120
20 1910
21 1870
22 1958
23 1875
24 2088
25 2228
26 1965
27 2260
28 2043
29 2008
30 2328
31 1780
32 1905
33 2240
34 2135
35 1953
36 1900
37 2230
38 2043
39 1775
40 1958
41 2080
42 1988
43 1900
44 2223
45 2110
46 2143
47 1895
48 2108
49 2010
50 1935
51 2460
52 2270
53 1985
54 2120
55 1980
56 1740
57 1958
58 1860
59 1873
60 1975
61 2068
62 2035
63 2273
64 2088
65 1883
66 2595
67 1968
68 1878
69 1850
70 1978
71 1923
72 2103
73 2015
74 2170
75 1873
76 2058
77 2173
78 2485
79 1913
80 1895
81 2050
82 2233
83 1860
84 1963
85 2105
86 2055
87 1858
88 2115
89 1898
90 2105
91 1933
92 1845
93 2035
94 1920
95 1840
96 2000
97 1898
98 1918
99 1815
100 1825
101 1830
102 1963
103 2000
104 1863
105 1943
106 1988
107 1878
108 2160
109 1963
110 2218
111 1840
112 1980
113 1965
114 2058
115 2263
116 2035
117 2045
118 1970
119 2105
120 2005
121 1995
122 2105
123 2035
124 2118
125 2095
126 1865
127 1825
128 1888
129 1933
130 1833
131 1983
132 1928
133 1928
134 1858
135 2100
136 1783
137 1955
138 2018
139 1980
140 2100
141 2190
142 2205
143 1825
144 2133
145 1860
146 2170
147 1900
148 2118
149 1848
150 1848
151 1945
152 1878
153 1870
154 1793
155 2070
156 1905
157 1995
158 2065
159 2015
160 1968
161 2250
162 1870
163 1980
164 1985
165 1970
166 1983
167 2003
168 1930
169 1958
170 2145
171 1855
172 2075
173 1938
174 2030
175 2010
176 1773
177 2035
178 1950
179 2040
180 2018
181 2230
182 2168
183 1750
184 1818
185 1793
186 2095
187 1865
188 1843
189 2205
190 2000
191 1885
192 2018
193 1948
194 2073
195 2320
196 1985
197 1888
198 2010
199 1990
200 1848
201 2180
202 2000
203 2088
204 2015
205 1885
206 2258
207 2018
208 1920
209 1960
210 1923
211 1865
212 2070
213 1820
214 2053
215 1973
216 1808
217 1965
218 1900
219 2158
220 1990
221 2020
222 1988
223 2290
224 1943
225 1933
226 1870
227 1960
228 1958
229 2235
230 1845
231 1840
232 1798
233 1920
234 2018
235 1965
236 1838
237 2070
238 2010
239 1995
240 2025
241 1983
242 2115
243 2333
244 2160
245 1823
246 2123
247 2285
248 1855
249 1863
250 1868
251 2183
252 1815
253 2030
254 2048
255 2065
256 2065
257 1858
258 2300
259 1973
260 2270
261 2505
262 2030
263 1908
264 2045
265 1775
266 1905
267 2233
268 2073
269 2085
270 2113
271 2030
272 1883
273 1940
274 1940
275 1923
276 2005
277 2003
278 2083
279 1858
280 2078
281 1913
282 2345
283 2010
284 2418
285 1948
286 1885
287 2313
288 2025
289 1970
290 1910
291 1780
292 2395
293 2270
294 1985
295 1885
296 1805
297 1888
298 1910
299 2038
300 2043
301 1930
302 2370
303 1863
304 2143
305 1845
306 2155
307 1905
308 1910
309 2033
310 2158
311 2145
312 2158
313 1895
314 1885
315 1965
316 2338
317 1880
318 2108
319 2100
320 1970
321 2025
322 1945
323 2288
324 2320
325 2065
326 2028
327 1875
328 1898
329 1805
330 1963
331 1913
332 2045
333 1833
334 2048
335 2058
336 1788
337 1938
338 1903
339 1948
340 1953
341 2595
342 2103
343 2185
344 2010
345 1860
346 2095
347 1948
348 1970
349 1858
350 2055
351 2030
352 1983
353 2135
354 1953
355 1890
356 1765
357 1820
358 2083
359 1890
360 2040
361 1868
362 1973
363 1860
364 2190
365 1905
366 1943
367 1845
368 1983
369 1943
370 1860
371 2190
372 2253
373 2243
374 1890
375 2025
376 1883
377 2083
378 2030
379 1718
380 1798
381 1820
382 1855
383 1943
384 1745
385 1925
386 1988
387 1893
388 2148
389 2075
390 2258
391 2118
392 1813
393 1878
394 1958
395 1895
396 2018
397 2005
398 2035
399 1888
400 1950
401 1958
402 1875
403 2035
404 1890
405 2270
406 2030
407 1938
408 1918
409 1955
410 2278
411 1838
412 1940
413 1940
414 2140
415 1950
416 1893
417 2115
418 1950
419 1948
420 2160
421 1925
422 1995
423 1930
424 2050
425 2055
426 1935
427 1888
428 1920
429 1998
430 1800
431 2208
432 1798
433 1933
434 1983
435 1900
436 1938
437 2218
438 2093
439 1793
440 2000
441 2118
442 2035
443 1938
444 2273
445 1850
446 1923
447 1888
448 2060
449 1920
450 1958
451 2125
452 2108
453 2070
454 1973
455 2213
456 1943
457 1963
458 1975
459 2020
460 2300
461 2055
462 1830
463 2158
464 2155
465 1930
466 1860
467 2033
468 1903
469 1875
470 1948
471 2028
472 1998
473 1995
474 1938
475 2223
476 1985
477 2355
478 1975
479 2218
480 2045
481 1908
482 1960
483 1903
484 2300
485 2225
486 1910
487 2015
488 2070
489 1975
490 2173
491 1908
492 2065
493 1980
494 1965
495 1798
496 1905
497 2018
498 1988
499 2180
500 1978
501 2253
502 1913
503 1923
504 1923
505 2145
506 2158
507 2215
508 2038
509 1878
510 2010
511 1853
512 2113
513 1870
514 1805
515 2098
516 1983
517 2305
518 1910
519 1968
520 2363
521 1985
522 2035
523 1923
524 1815
525 2138
526 2270
527 2005
528 2158
529 1950
530 1873
531 2075
532 2093
533 2238
534 1975
535 1943
536 2120
537 2130
538 1958
539 2053
540 1753
541 1843
542 2013
543 1963
544 1855
545 2123
546 2025
547 1998
548 2140
549 2013
550 2108
551 1945
552 2053
553 2088
554 1960
555 2120
556 1895
557 2148
558 2260
559 1990
560 1835
561 1908
562 2158
563 1948
564 1945
565 2088
566 1875
567 1993
568 2180
569 1883
570 2005
571 2013
572 2025
573 2025
574 1943
575 1958
576 1998
577 1935
578 2173
579 1995
580 1828
581 1890
582 1963
583 1915
584 2045
585 1853
586 2050
587 1768
588 1850
589 1890
590 1850
591 2283
592 1840
593 1910
594 2018
595 2143
596 1985
597 1845
598 2040
599 1955
600 2065
601 2203
602 1953
603 2103
604 2005
605 2088
606 2253
607 1783
608 1975
609 1878
610 2048
611 1795
612 2005
613 2060
614 1880
615 2050
616 2228
617 1993
618 2053
619 2095
620 2105
621 2053
622 2015
623 2023
624 1760
625 2213
626 2115
627 1910
628 2085
629 2100
630 2090
631 2078
632 2258
633 1875
634 1940
635 1928
636 1875
637 1893
638 2010
639 1890
640 2030
641 1915
642 2005
643 1983
644 1933
645 1888
646 2048
647 1960
648 1925
649 2100
650 1953
651 1818
652 2095
653 1950
654 1988
655 2020
656 1965
657 1950
658 2005
659 2105
660 2088
661 1983
662 2020
663 1770
664 2028
665 1935
666 1928
667 2118
668 2228
669 2033
670 2138
671 2305
672 2405
673 1923
674 1925
675 1910
676 1830
677 2000
678 2025
679 2055
680 1890
681 2020
682 2023
683 1970
684 2025
685 2110
686 1935
687 1840
688 1855
689 1748
690 2023
691 1970
692 1993
693 1970
694 2065
695 2023
696 2033
697 1913
698 1818
699 1873
700 2328
701 1855
702 1800
703 2245
704 1993
705 2300
706 2195
707 1850
708 2035
709 1975
710 1855
711 1975
712 1880
713 1893
714 1925
715 2035
716 2003
717 1858
718 2035
719 1998
720 2025
721 2055
722 2008
723 2280
724 2070
725 1995
726 1805
727 1850
728 1950
729 1755
730 1940
731 2268
732 2128
733 2108
734 2140
735 2205
736 2005
737 1823
738 1843
739 1905
740 1930
741 2035
742 1835
743 1945
744 2050
745 1978
746 2053
747 2003
748 2160
749 2258
750 2020
751 2033
752 1973
753 2158
754 2045
755 1993
756 2060
757 2018
758 1870
759 1918
760 1973
761 2345
762 1975
763 2178
764 1910
765 1953
766 2038
767 2025
768 1990
769 2158
770 1930
771 1830
772 2098
773 2083
774 2198
775 1805
776 2025
777 1885
778 2033
779 2100
780 1895
781 1998
782 2015
783 1920
784 1973
785 2055
786 1813
787 1908
788 1883
789 1780
790 1735
791 1860
792 2110
793 1915
794 1878
795 1965
796 2463
797 1848
798 1903
799 1960
800 1840
801 1903
802 1850
803 2035
804 2118
805 2168
806 1955
807 2038
808 1965
809 1898
810 2115
811 2010
812 1965
813 2000
814 2140
815 2123
816 2033
817 2148
818 1988
819 2050
820 2120
821 1948
822 1945
823 1900
824 1970
825 1813
826 2023
827 1978
828 1825
829 2005
830 1960
831 2135
832 1883
833 2078
834 1978
835 1925
836 2030
837 2183
838 2030
839 1780
840 2125
841 2078
842 2118
843 2368
844 1978
845 1865
846 2050
847 1938
848 1930
849 2188
850 2133
851 1915
852 1948
853 1960
854 2210
855 1848
856 1948
857 1933
858 1900
859 2040
860 2115
861 2030
862 1880
863 1950
864 1910
865 1993
866 1815
867 1980
868 1835
869 1825
870 1918
871 1885
872 2215
873 2020
874 1950
875 2130
876 1863
877 1993
878 2025
879 1865
880 1833
881 2193
882 2065
883 1910
884 2103
885 2143
886 1945
887 1988
888 2118
889 2190
890 1735
891 2100
892 2030
893 2218
894 2073
895 1833
896 1930
897 2068
898 1885
899 2088
900 2035
901 2053
902 2183
903 2070
904 2065
905 2010
906 2083
907 2228
908 1868
909 2095
910 2080
911 1965
912 1818
913 2418
914 2013
915 2145
916 1958
917 2198
918 1928
919 2225
920 2245
921 2023
922 1960
923 2183
924 1878
925 2178
926 1943
927 1935
928 2135
929 2370
930 1910
931 1918
932 1998
933 2083
934 2095
935 2153
936 1973
937 2010
938 2065
939 2055
940 1893
941 1980
942 2030
943 2078
944 1920
945 1895
946 1918
947 1858
948 1828
949 1878
950 1928
951 2053
952 1848
953 1715
954 2045
955 1980
956 1920
957 2135
958 2153
959 1973
960 2095
961 1870
962 1910
963 2008
964 2100
965 2118
966 2195
967 2105
968 1963
969 1983
970 2068
971 1758
972 1995
973 2130
974 2060
975 2053
976 1863
977 2080
978 1918
979 1933
980 2070
981 2088
982 2000
983 1823
984 1955
985 2018
986 1958
987 1945
988 2073
989 1870
990 1973
991 1985
992 1960
993 2505
994 1948
995 2263
996 1853
997 2058
998 1840
999 1940
1000 2073
1001 2155
1002 2000
1003 1933
1004 2035
1005 1880
1006 1900
1007 1888
1008 2260
1009 1900
1010 2110
1011 2115
1012 1828
1013 2090
1014 1885
1015 2098
1016 2170
1017 1968
1018 2198
1019 1888
1020 1998
1021 1980
1022 1800
1023 1865
1024 1848
1025 1845
1026 1895
1027 2113
1028 2078
1029 1945
1030 1935
1031 2120
1032 1935
1033 2063
1034 1820
1035 1955
1036 1930
1037 1875
1038 2113
1039 1900
1040 2043
1041 1993
1042 1983
1043 1778
1044 2045
1045 2188
1046 1988
1047 1900
1048 2153
1049 1910
1050 2110
1051 2135
1052 1988
1053 2015
1054 2405
1055 2278
1056 1960
1057 2073
1058 1990
1059 2080
1060 1970
1061 2048
1062 1915
1063 1913
1064 1910
1065 2015
1066 1935
1067 1830
1068 2000
1069 1955
1070 1883
1071 1878
1072 2018
1073 2085
1074 2265
1075 1860
1076 2003
1077 1973
1078 2055
1079 1883
1080 1955
1081 1895
1082 1920
1083 1925
1084 2143
1085 1865
1086 2053
1087 2018
1088 1813
1089 2108
1090 2145
1091 2085
1092 1910
1093 1993
1094 1920
1095 2013
1096 2018
1097 1965
1098 2148
1099 2108
1100 1888
1101 2228
1102 1865
1103 2000
1104 2045
1105 1955
1106 1905
1107 1773
1108 1938
1109 2078
1110 1860
1111 1848
1112 1958
1113 2143
1114 2045
1115 2110
1116 1970
1117 2055
1118 2065
1119 1963
1120 1843
1121 2070
1122 1970
1123 2263
1124 1900
1125 1785
1126 1850
1127 1853
1128 2038
1129 2230
1130 2145
1131 2058
1132 1860
1133 2055
1134 2118
1135 1943
1136 2000
1137 1978
1138 1868
1139 1903
1140 2193
1141 2008
1142 1988
1143 1900
1144 2000
1145 2013
1146 2095
1147 1865
1148 1820
1149 2080
1150 2045
1151 2025
1152 1905
1153 2063
1154 1915
1155 1890
1156 2100
1157 2180
1158 2010
1159 1910
1160 1945
1161 2005
1162 1848
1163 1893
1164 1885
1165 2240
1166 1910
1167 1885
1168 2093
1169 1873
1170 2018
1171 2128
1172 2090
1173 1933
1174 2068
1175 1870
1176 2085
1177 2070
1178 2073
1179 1953
1180 2005
1181 2260
1182 1993
1183 2485
1184 2165
1185 2078
1186 1778
1187 2183
1188 2125
1189 1975
1190 2050
1191 1898
1192 2093
1193 1763
1194 2120
1195 2118
1196 2170
1197 2023
1198 2008
1199 1928
1200 2225
1201 2050
1202 2075
1203 2013
1204 1910
1205 2230
1206 2183
1207 2288
1208 1975
1209 1943
1210 1790
1211 1953
1212 1925
1213 2170
1214 2063
1215 2173
1216 1870
1217 1895
1218 1925
1219 2275
1220 2020
1221 1760
1222 1975
1223 2218
1224 2133
1225 1858
1226 2085
1227 2230
1228 2270
1229 2163
1230 1880
1231 1903
1232 2078
1233 2038
1234 1915
1235 1860
1236 1963
1237 2013
1238 1728
1239 2135
1240 2088
1241 2158
1242 1990
1243 2080
1244 1848
1245 1990
1246 1983
1247 2055
1248 2150
1249 1813
1250 1955
1251 1993
1252 2173
1253 1903
1254 2275
1255 1810
1256 1905
1257 2035
1258 2168
1259 1928
1260 1908
1261 2060
1262 1860
1263 1895
1264 1983
1265 2100
1266 1885
1267 1838
1268 1945
1269 2203
1270 1878
1271 1753
1272 2230
1273 2210
1274 1900
1275 1860
1276 1918
1277 1995
1278 2098
1279 1963
1280 1970
1281 1980
1282 2218
1283 2045
1284 1960
1285 2038
1286 2368
1287 1865
1288 1810
1289 2018
1290 1968
1291 2010
1292 1908
1293 1795
1294 1965
1295 2025
1296 2305
1297 1825
1298 2270
1299 2088
1300 1885
1301 1808
1302 1933
1303 1955
1304 1933
1305 1895
1306 1855
1307 1968
1308 1950
1309 1890
1310 2088
1311 2243
1312 2125
1313 1993
1314 2255
1315 1903
1316 1980
1317 1803
1318 1795
1319 1885
1320 2015
1321 1855
1322 1990
1323 2033
1324 1975
1325 1950
1326 2070
1327 2208
1328 2065
1329 2085
1330 2040
1331 2008
1332 2060
1333 1840
1334 1758
1335 1980
1336 1978
1337 1900
1338 1940
1339 1830
1340 1923
1341 2040
1342 1810
1343 1820
1344 1960
1345 1878
1346 1885
1347 1805
1348 2000
1349 2300
1350 2503
1351 1915
1352 2375
1353 2068
1354 2190
1355 1888
1356 2243
1357 2005
1358 2088
1359 2065
1360 2060
1361 2045
1362 1935
1363 2038
1364 2040
1365 1905
1366 1963
1367 2238
1368 2285
1369 1890
1370 1898
1371 1973
1372 1905
1373 1945
1374 2195
1375 2075
1376 1920
1377 2405
1378 1988
1379 2105
1380 1933
1381 2318
1382 1910
1383 1980
1384 2043
1385 1805
1386 1940
1387 2045
1388 2050
1389 1945
1390 1838
1391 2088
1392 1805
1393 2265
1394 2170
1395 1883
1396 1995
1397 1865
1398 2135
1399 1913
1400 2118
1401 1988
1402 1890
1403 1953
1404 2105
1405 1943
1406 1970
1407 1990
1408 1923
1409 1960
1410 1918
1411 1925
1412 2090
1413 2088
1414 1963
1415 2003
1416 1783
1417 1835
1418 1918
1419 2000
1420 1783
1421 2160
1422 1898
1423 2055
1424 2045
1425 2215
1426 1905
1427 1950
1428 1930
1429 2143
1430 2140
1431 2140
1432 2010
1433 2135
1434 2098
1435 2065
1436 2080
1437 2008
1438 2003
1439 2060
1440 1940
1441 1853
1442 1900
1443 1973
1444 2145
1445 2155
1446 1848
1447 1930
1448 1930
1449 2030
1450 1850
1451 2000
1452 1993
1453 1955
1454 2013
1455 2000
1456 1910
1457 1978
1458 1995
1459 1950
1460 1888
1461 1995
1462 2040
1463 1960
1464 1790
1465 1965
1466 2100
1467 1940
1468 2338
1469 1895
1470 1930
1471 2230
1472 1878
1473 1970
1474 2025
1475 2025
1476 1970
1477 2060
1478 2118
1479 2150
1480 1820
1481 2110
1482 2035
1483 2168
1484 1928
1485 1880
1486 1970
1487 1848
1488 2020
1489 2185
1490 2180
1491 2280
1492 1900
1493 1863
1494 2010
1495 1878
1496 1810
1497 1960
1498 2163
1499 1940
1500 1933
1501 2030
1502 1833
1503 2020
1504 1905
1505 2205
1506 1953
1507 1960
1508 2065
1509 1998
1510 1980
1511 1940
1512 2068
1513 1778
1514 2108
1515 2098
1516 1865
1517 2208
1518 2020
1519 1858
1520 1848
1521 2028
1522 1823
1523 1823
1524 1890
1525 2015
1526 2108
1527 1988
1528 1860
1529 1850
1530 1983
1531 2005
1532 1948
1533 2085
1534 2310
1535 1865
1536 2025
1537 1863
1538 1988
1539 2075
1540 1943
1541 1910
1542 1965
1543 2255
1544 2128
1545 1900
1546 1953
1547 1990
1548 1890
1549 1923
1550 2015
1551 1908
1552 2070
1553 2000
1554 1990
1555 2045
1556 1923
1557 2155
1558 1823
1559 1925
1560 1845
1561 2150
1562 2130
1563 2228
1564 2040
1565 2068
1566 2140
1567 1890
1568 2033
1569 1950
1570 1935
1571 1853
1572 1953
1573 1895
1574 2025
1575 1858
1576 1873
1577 2193
1578 1905
1579 1983
1580 2200
1581 1985
1582 2098
1583 2140
1584 2020
1585 1910
1586 2200
1587 2003
1588 2085
1589 1845
1590 2108
1591 2465
1592 2035
1593 2045
1594 2088
1595 1883
1596 2015
1597 2105
1598 2000
1599 1865
1600 1958
1601 2025
1602 1963
1603 1835
1604 2020
1605 2093
1606 1968
1607 2048
1608 1890
1609 1960
1610 1943
1611 2113
1612 1900
1613 2028
1614 1918
1615 2003
1616 2085
1617 1865
1618 1958
1619 2583
1620 2035
1621 1993
1622 1868
1623 2008
1624 2063
1625 1993
1626 1820
1627 2133
1628 2200
1629 2030
1630 2168
1631 1768
1632 1930
1633 2353
1634 1925
1635 1795
1636 1910
1637 2005
1638 1818
1639 1965
1640 2055
1641 2105
1642 1843
1643 2065
1644 1878
1645 1935
1646 2100
1647 1905
1648 1940
1649 2115
1650 1945
1651 1873
1652 1903
1653 2028
1654 1898
1655 2365
1656 2195
1657 1928
1658 1918
1659 2008
1660 1940
1661 2025
1662 2173
1663 1880
1664 2040
1665 2273
1666 2098
1667 2168
1668 1885
1669 2183
1670 1908
1671 2160
1672 2005
1673 2143
1674 1845
1675 1798
1676 1963
1677 2010
1678 2133
1679 1908
1680 1873
1681 2143
1682 1818
1683 2030
1684 2300
1685 1815
1686 2190
1687 1960
1688 1888
1689 2240
1690 1995
1691 1963
1692 1895
1693 1878
1694 1878
1695 2023
1696 2153
1697 1905
1698 1783
1699 2033
1700 1950
1701 1903
1702 2130
1703 1953
1704 1938
1705 2010
1706 2130
1707 2158
1708 2345
1709 2035
1710 2188
1711 1958
1712 2060
1713 1918
1714 2095
1715 1870
1716 1975
1717 1958
1718 1955
1719 1935
1720 2118
1721 2160
1722 2130
1723 2433
1724 1900
1725 1995
1726 2165
1727 2073
1728 2073
1729 1810
1730 1810
1731 1973
1732 1818
1733 2065
1734 1868
1735 1995
1736 1905
1737 1920
1738 1945
1739 1810
1740 1930
1741 1868
1742 2135
1743 2013
1744 1973
1745 2070
1746 1883
1747 1975
1748 2065
1749 2023
1750 1973
1751 1990
1752 1845
1753 1960
1754 2053
1755 1805
1756 1760
1757 1990
1758 2098
1759 2005
1760 1810
1761 2223
1762 1843
1763 2370
1764 2000
1765 2263
1766 2005
1767 2003
1768 1908
1769 1843
1770 1875
1771 1903
1772 1993
1773 1935
1774 1833
1775 2190
1776 1840
1777 2020
1778 1990
1779 2180
1780 2080
1781 1895
1782 1903
1783 1995
1784 1875
1785 2038
1786 1775
1787 1863
1788 2298
1789 2013
1790 1980
1791 1995
1792 2128
1793 2210
1794 2080
1795 2218
1796 2055
1797 2165
1798 2005
1799 1975
1800 1950
1801 1818
1802 1913
1803 2000
1804 1995
1805 2085
1806 1843
1807 1963
1808 1835
1809 2003
1810 1935
1811 1990
1812 2100
1813 1823
1814 1983
1815 2055
1816 1985
1817 2133
1818 1925
1819 1878
1820 1860
1821 1898
1822 1940
1823 2160
1824 1785
1825 2610
1826 1973
1827 1980
1828 1780
1829 1880
1830 1995
1831 1863
1832 1895
1833 1828
1834 1970
1835 1960
1836 2035
1837 2033
1838 1970
1839 1888
1840 1933
1841 1960
1842 2073
1843 1878
1844 1855
1845 1835
1846 1990
1847 1883
1848 1795
1849 2170
1850 2028
1851 1968
1852 2025
1853 2068
1854 2025
1855 1805
1856 1803
1857 2035
1858 1925
1859 1888
1860 2060
1861 1878
1862 2135
1863 1815
1864 1765
1865 2103
1866 1968
1867 1820
1868 2030
1869 1965
1870 1900
1871 1870
1872 1855
1873 1953
1874 2263
1875 1895
1876 1935
1877 1998
1878 2185
1879 1915
1880 2098
1881 2400
1882 2220
1883 1985
1884 1913
1885 2080
1886 1873
1887 2175
1888 2020
1889 1835
1890 1928
1891 1958
1892 1973
1893 2060
1894 1993
1895 2198
1896 1930
1897 2193
1898 2088
1899 1955
1900 1833
1901 2100
1902 2110
1903 1958
1904 2020
1905 2058
1906 2038
1907 1885
1908 1980
1909 2015
1910 1928
1911 1915
1912 2060
1913 2080
1914 1948
1915 2128
1916 2055
1917 1863
1918 1813
1919 1915
1920 1888
1921 1940
1922 1933
1923 1778
1924 2245
1925 2018
1926 2345
1927 1888
1928 1915
1929 2128
1930 2130
1931 1883
1932 2040
1933 1960
1934 1983
1935 1918
1936 2065
1937 1873
1938 2105
1939 2078
1940 2098
1941 1970
1942 2123
1943 1868
1944 1935
1945 1945
1946 2478
1947 1998
1948 2043
1949 2005
1950 2120
1951 1945
1952 1948
1953 2200
1954 1945
1955 2133
1956 2095
1957 2140
1958 1845
1959 2095
1960 2090
1961 2020
1962 1928
1963 2005
1964 2220
1965 2055
1966 1940
1967 1925
1968 1933
1969 2250
1970 1948
1971 2040
1972 2133
1973 2203
1974 1975
1975 1923
1976 2008
1977 1915
1978 2068
1979 2088
1980 1890
1981 2180
1982 1860
1983 1943
1984 1968
1985 1965
1986 2140
1987 2130
1988 1888
1989 1938
1990 2048
1991 1888
1992 1883
1993 1953
1994 2155
1995 2200
1996 1823
1997 2165
1998 1920
1999 1865
2000 1803
2001 2180
2002 2050
2003 2103
2004 2003
2005 1930
2006 2070
2007 1898
2008 2000
2009 1943
2010 2078
2011 2090
2012 2100
2013 2245
2014 1800
2015 1870
2016 2060
2017 2080
2018 2020
2019 1995
2020 1968
2021 2098
2022 2020
2023 1953
2024 1833
2025 1883
2026 1968
2027 2085
2028 1760
2029 2380
2030 1868
2031 1750
2032 1885
2033 2030
2034 2043
2035 1948
2036 2000
2037 2235
2038 2083
2039 2060
2040 2163
2041 1988
2042 1830
2043 2290
2044 1948
2045 2068
2046 2045
2047 1930
2048 1950
2049 1958
2050 2200
2051 1895
2052 1910
2053 1985
2054 1830
2055 2210
2056 2190
2057 2095
2058 1968
2059 1943
2060 2178
2061 1805
2062 2038
2063 2223
2064 1955
2065 1820
2066 2195
2067 1895
2068 1875
2069 2080
2070 1823
2071 1915
2072 1985
2073 1945
2074 1968
2075 2043
2076 2005
2077 1808
2078 2063
2079 2010
2080 1965
2081 1883
2082 1868
2083 2050
2084 1845
2085 1808
2086 1973
2087 2550
2088 1863
2089 2570
2090 1925
2091 1815
2092 2203
2093 1895
2094 1900
2095 1990
2096 2010
2097 2000
2098 2190
2099 1938
2100 2165
2101 1948
2102 1985
2103 1950
2104 1960
2105 1970
2106 1903
2107 1870
2108 2090
2109 2240
2110 1828
2111 2118
2112 2110
2113 2095
2114 2065
2115 2163
2116 1940
2117 1825
2118 2040
2119 2155
2120 1958
2121 1980
2122 2180
2123 1878
2124 2080
2125 2228
2126 2173
2127 1998
2128 2220
2129 2013
2130 1960
2131 1968
2132 1960
2133 1925
2134 1923
2135 2205
2136 2113
2137 2160
2138 1908
2139 1835
2140 2020
2141 1885
2142 1908
2143 1905
2144 2070
2145 2088
2146 1865
2147 1980
2148 1880
2149 1938
2150 1965
2151 2000
2152 1885
2153 2083
2154 2010
2155 1905
2156 2150
2157 2440
2158 1858
2159 1840
2160 2040
2161 1890
2162 1973
2163 1898
2164 2133
2165 2030
2166 2288
2167 1888
2168 1975
2169 2168
2170 1885
2171 1853
2172 1880
2173 1878
2174 2243
2175 2195
2176 2203
2177 1950
2178 1848
2179 2020
2180 2030
2181 1863
2182 2020
2183 1853
2184 1860
2185 1910
2186 2090
2187 2273
2188 2115
2189 2048
2190 1930
2191 2105
2192 2430
2193 2073
2194 2110
2195 1955
2196 1948
2197 1975
2198 2003
2199 2040
2200 1900
2201 2005
2202 2108
2203 1993
2204 2048
2205 2063
2206 2055
2207 1968
2208 2255
2209 2045
2210 1848
2211 2013
2212 2175
2213 2185
2214 2220
2215 2108
2216 1875
2217 2000
2218 2170
2219 1960
2220 1920
2221 1845
2222 2043
2223 1783
2224 2003
2225 1878
2226 1953
2227 2048
2228 1858
2229 1855
2230 1938
2231 1955
2232 2025
2233 1933
2234 1960
2235 2023
2236 1925
2237 2283
2238 1893
2239 2095
2240 1923
2241 2243
2242 2113
2243 2070
2244 2060
2245 1845
2246 2263
2247 1873
2248 2108
2249 2010
2250 1980
2251 2000
2252 2113
2253 2118
2254 1898
2255 1933
2256 1998
2257 2055
2258 1915
2259 2065
2260 1975
2261 1923
2262 2010
2263 1998
2264 1943
2265 2255
2266 1970
2267 2245
2268 2008
2269 2010
2270 1895
2271 1960
2272 1993
2273 1970
2274 1885
2275 1848
2276 1935
2277 1945
2278 2055
2279 2148
2280 1843
2281 1945
2282 1913
2283 2085
2284 1978
2285 2025
2286 2003
2287 2573
2288 2213
2289 1915
2290 2290
2291 2100
2292 1870
2293 1888
2294 1805
2295 1788
2296 2060
2297 1938
2298 2323
2299 2013
2300 2008
2301 1985
2302 2000
2303 2123
2304 1785
2305 2095
2306 1930
2307 2015
2308 1905
2309 1960
2310 1995
2311 2135
2312 2103
2313 1958
2314 2040
2315 1835
2316 2113
2317 2263
2318 1888
2319 1980
2320 1905
2321 2010
2322 2078
2323 1873
2324 2018
2325 1890
2326 2150
2327 2133
2328 2213
2329 1913
2330 1975
2331 1828
2332 1973
2333 2048
2334 2015
2335 2025
2336 2030
2337 1865
2338 2040
2339 2080
2340 1813
2341 1903
2342 1905
2343 1843
2344 2218
2345 2050
2346 1930
2347 2115
2348 2088
2349 2068
2350 1970
2351 2245
2352 1880
2353 1935
2354 1888
2355 2008
2356 2033
2357 2208
2358 2258
2359 2005
2360 1955
2361 2303
2362 2080
2363 1855
2364 2083
2365 1990
2366 2130
2367 2010
2368 1845
2369 1915
2370 1910
2371 2150
2372 1945
2373 2030
2374 1955
2375 1965
2376 2015
2377 2020
2378 2013
2379 1883
2380 2035
2381 2005
2382 2110
2383 1870
2384 1895
2385 1920
2386 2085
2387 2035
2388 1985
2389 2018
2390 2113
2391 2095
2392 1790
2393 2005
2394 2105
2395 1850
2396 1918
2397 2185
2398 1843
2399 1898
2400 1758
2401 1823
2402 2048
2403 2060
2404 2030
2405 1913
2406 1915
2407 1900
2408 2120
2409 1975
2410 2445
2411 2083
2412 2100
2413 2175
2414 2050
2415 1895
2416 1920
2417 1890
2418 1845
2419 1993
2420 2093
2421 1878
2422 1920
2423 1948
2424 2058
2425 2015
2426 1910
2427 1998
2428 1928
2429 1830
2430 2065
2431 2145
2432 1978
2433 1910
2434 1805
2435 1973
2436 1973
2437 1985
2438 1883
2439 1973
2440 1935
2441 1958
2442 2180
2443 2205
2444 1968
2445 1943
2446 2188
2447 1913
2448 1990
2449 1933
2450 2223
2451 1838
2452 1925
2453 1888
2454 1990
2455 2008
2456 1995
2457 1995
2458 1958
2459 2205
2460 1998
2461 2028
2462 2045
2463 2190
2464 1735
2465 1955
2466 1883
2467 2040
2468 1825
2469 2205
2470 1923
2471 1810
2472 2113
2473 1918
2474 1818
2475 2008
2476 2000
2477 2125
2478 2058
2479 2190
2480 2010
2481 2050
2482 2025
2483 1990
2484 2110
2485 1945
2486 2063
2487 1978
2488 2418
2489 1955
2490 1973
2491 1945
2492 1993
2493 1810
2494 1975
2495 1870
2496 2158
2497 2103
2498 1865
2499 1885
2500 1903
2501 2148
2502 1880
2503 1945
2504 2028
2505 2073
2506 1708
2507 1800
2508 1815
2509 2083
2510 2093
2511 1920
2512 2025
2513 1938
2514 2035
2515 2005
2516 2055
2517 1963
2518 1835
2519 1970
2520 2005
2521 1848
2522 1873
2523 1945
2524 1965
2525 2260
2526 2280
2527 2450
2528 1858
2529 2073
2530 1900
2531 1768
2532 1940
2533 1895
2534 2040
2535 2038
2536 1793
2537 2163
2538 1850
2539 2075
2540 1915
2541 1870
2542 2050
2543 1923
2544 1948
2545 1963
2546 1930
2547 2020
2548 1863
2549 1878
2550 2200
2551 2225
2552 2008
2553 1930
2554 2078
2555 1880
2556 2005
2557 2028
2558 1793
2559 2100
2560 1980
2561 1933
2562 1988
2563 1828
2564 1958
2565 1943
2566 2158
2567 1990
2568 2240
2569 1920
2570 1848
2571 2068
2572 1955
2573 2055
2574 1863
2575 1840
2576 1853
2577 1925
2578 1855
2579 1770
2580 1875
2581 1803
2582 1958
2583 1853
2584 2118
2585 2040
2586 1845
2587 1915
2588 2220
2589 1880
2590 1955
2591 2040
2592 1893
2593 1868
2594 1923
2595 1870
2596 1940
2597 2240
2598 1888
2599 2268
2600 1793
2601 1825
2602 1993
2603 1893
2604 1858
2605 2098
2606 1833
2607 1908
2608 1998
2609 2128
2610 1953
2611 2310
2612 1850
2613 1878
2614 1975
2615 1855
2616 1948
2617 1945
2618 2058
2619 1875
2620 1728
2621 1888
2622 1923
2623 1985
2624 1823
2625 1933
2626 2005
2627 1875
2628 1868
2629 2080
2630 1855
2631 1963
2632 1885
2633 1970
2634 1873
2635 2088
2636 1975
2637 2020
2638 1908
2639 1760
2640 1990
2641 1998
2642 1990
2643 2133
2644 2035
2645 1928
2646 2358
2647 1938
2648 1845
2649 2208
2650 1885
2651 1865
2652 1900
2653 1900
2654 2055
2655 1980
2656 1788
2657 1985
2658 1993
2659 2143
2660 2013
2661 2213
2662 2150
2663 1878
2664 2055
2665 1848
2666 1875
2667 2005
2668 1965
2669 1903
2670 2085
2671 2085
2672 2040
2673 2068
2674 1953
2675 1803
2676 1890
2677 2305
2678 1843
2679 1998
2680 2093
2681 1863
2682 2058
2683 1850
2684 2053
2685 1890
2686 1863
2687 1840
2688 2020
2689 1850
2690 2098
2691 2090
2692 1988
2693 1878
2694 2088
2695 1850
2696 2240
2697 2015
2698 2105
2699 2063
2700 1948
2701 2028
2702 2108
2703 2095
2704 1848
2705 1960
2706 1750
2707 2108
2708 2060
2709 2070
2710 1838
2711 2180
2712 2035
2713 1988
2714 2090
2715 2110
2716 1873
2717 2210
2718 2235
2719 2075
2720 1885
2721 1880
2722 1918
2723 2248
2724 1925
2725 2088
2726 2025
2727 2180
2728 1783
2729 1948
2730 1880
2731 1883
2732 1995
2733 2068
2734 1845
2735 2128
2736 2238
2737 1905
2738 1875
2739 2060
2740 1845
2741 1853
2742 1920
2743 2078
2744 1953
2745 2015
2746 1863
2747 2123
2748 2085
2749 2145
2750 2073
2751 2405
2752 2108
2753 2293
2754 1878
2755 1965
2756 2130
2757 1913
2758 2100
2759 2005
2760 1843
2761 1938
2762 1933
2763 2105
2764 2325
2765 2033
2766 2160
2767 1843
2768 2230
2769 1928
2770 1860
2771 2175
2772 1905
2773 1985
2774 1945
2775 1955
2776 2020
2777 2130
2778 1828
2779 1990
2780 1938
2781 1858
2782 2010
2783 2015
2784 1950
2785 1995
2786 1945
2787 1820
2788 1980
2789 1963
2790 2095
2791 1998
2792 1765
2793 1910
2794 2345
2795 1995
2796 1798
2797 1918
2798 2080
2799 2305
2800 2163
2801 1923
2802 1953
2803 1793
2804 2665
2805 2073
2806 1895
2807 2010
2808 2030
2809 2323
2810 2000
2811 1920
2812 1973
2813 2008
2814 2078
2815 2080
2816 1995
2817 1988
2818 2010
2819 1990
2820 2315
2821 2078
2822 2155
2823 1928
2824 1893
2825 1775
2826 2080
2827 2150
2828 1943
2829 1960
2830 1968
2831 2063
2832 1915
2833 1923
2834 1910
2835 1883
2836 2030
2837 2120
2838 2068
2839 2235
2840 1960
2841 1925
2842 2108
2843 2270
2844 1970
2845 1965
2846 2030
2847 1918
2848 2083
2849 2028
2850 2055
2851 1923
2852 1935
2853 1920
2854 1868
2855 2050
2856 1935
2857 1983
2858 2023
2859 2053
2860 1940
2861 2150
2862 1968
2863 1978
2864 1793
2865 1893
2866 2533
2867 2083
2868 2063
2869 2008
2870 2170
2871 2010
2872 1988
2873 2068
2874 2020
2875 2470
2876 2045
2877 1958
2878 1945
2879 2065
2880 1945
2881 1820
2882 1975
2883 2000
2884 2118
2885 1820
2886 2243
2887 2025
2888 2165
2889 2083
2890 1970
2891 1820
2892 2033
2893 2180
2894 2005
2895 1973
2896 2070
2897 1890
2898 1850
2899 1825
2900 2210
2901 2138
2902 1970
2903 1990
2904 1858
2905 1958
2906 1995
2907 1745
2908 1943
2909 1990
2910 2083
2911 1808
2912 2078
2913 1983
2914 2103
2915 2130
2916 2010
2917 2068
2918 2523
2919 2015
2920 2088
2921 2075
2922 2000
2923 1795
2924 2278
2925 2168
2926 2058
2927 1948
2928 1925
2929 1815
2930 1898
2931 1768
2932 2040
2933 2050
2934 1943
2935 1943
2936 1758
2937 1863
2938 2195
2939 2125
2940 1968
2941 2145
2942 1880
2943 1955
2944 2190
2945 1993
2946 2228
2947 1760
2948 2093
2949 2125
2950 1943
2951 1865
2952 2098
2953 1890
2954 2058
2955 2130
2956 1905
2957 2228
2958 2193
2959 2033
2960 1835
2961 1835
2962 1888
2963 2100
2964 2203
2965 2105
2966 1830
2967 2115
2968 1933
2969 2160
2970 1888
2971 1858
2972 1993
2973 2195
2974 2073
2975 1933
2976 1993
2977 1978
2978 1998
2979 1873
2980 1928
2981 1963
2982 2030
2983 1978
2984 2278
2985 1838
2986 2015
2987 1848
2988 2528
2989 2095
2990 1883
2991 1955
2992 2040
2993 1903
2994 2098
2995 2030
2996 2088
2997 1983
2998 1990
2999 2175
3000 2023
3001 1998
3002 2053
3003 2030
3004 1970
3005 1898
3006 1905
3007 1855
3008 1865
3009 2065
3010 2115
3011 1925
3012 1965
3013 1953
3014 1870
3015 1978
3016 1978
3017 1958
3018 2030
3019 1810
3020 2085
3021 2065
3022 2020
3023 1948
3024 1830
3025 2075
3026 2118
3027 1998
3028 1958
3029 1980
3030 1920
3031 2025
3032 1900
3033 1950
3034 1978
3035 2098
3036 1948
3037 2010
3038 1838
3039 1938
3040 2185
3041 1983
3042 2178
3043 1995
3044 2115
3045 2100
3046 1900
3047 2203
3048 1995
3049 1920
3050 2073
3051 1915
3052 2013
3053 1935
3054 2063
3055 1910
3056 1953
3057 1933
3058 1760
3059 1775
3060 1900
3061 1793
3062 2000
3063 2400
3064 2003
3065 2123
3066 2068
3067 1925
3068 1908
3069 1960
3070 1903
3071 2238
3072 2008
3073 2053
3074 2090
3075 2023
3076 1838
3077 1895
3078 2193
3079 1855
3080 1975
3081 1820
3082 1980
3083 2053
3084 2000
3085 2100
3086 2115
3087 1998
3088 2073
3089 2075
3090 2148
3091 2508
3092 1883
3093 1843
3094 2173
3095 1925
3096 2078
3097 1933
3098 1835
3099 1940
3100 1760
3101 2270
3102 2060
3103 1800
3104 2103
3105 2023
3106 1968
3107 1878
3108 1960
3109 1883
3110 2028
3111 1850
3112 1810
3113 1923
3114 1943
3115 1803
3116 2128
3117 2288
3118 1963
3119 2123
3120 1895
3121 1893
3122 1930
3123 2068
3124 1973
3125 1855
3126 2020
3127 1970
3128 2005
3129 1958
3130 2098
3131 1870
3132 1928
3133 2080
3134 2143
3135 1915
3136 1913
3137 1863
3138 1995
3139 1995
3140 2040
3141 1790
3142 1838
3143 2063
3144 1870
3145 1945
3146 2000
3147 2010
3148 1840
3149 2133
3150 2028
3151 2293
3152 1995
3153 1955
3154 2098
3155 2060
3156 1865
3157 1908
3158 1915
3159 2328
3160 1885
3161 1853
3162 1915
3163 1945
3164 1888
3165 1803
3166 2108
3167 1888
3168 1838
3169 1900
3170 2143
3171 1923
3172 2053
3173 2195
3174 1970
3175 1875
3176 1955
3177 2095
3178 1848
3179 1803
3180 1823
3181 1860
3182 2148
3183 1895
3184 2203
3185 2028
3186 1875
3187 2083
3188 2290
3189 2010
3190 2068
3191 2080
3192 1845
3193 2178
3194 1980
3195 1920
3196 1915
3197 1978
3198 1860
3199 2100
3200 2030
3201 1968
3202 1878
3203 1960
3204 1908
3205 1903
3206 1835
3207 2025
3208 2110
3209 2003
3210 1943
3211 2065
3212 2138
3213 2315
3214 2300
3215 2160
3216 2045
3217 1945
3218 2153
3219 1975
3220 2055
3221 1925
3222 2148
3223 1968
3224 1998
3225 1968
3226 1950
3227 2000
3228 1968
3229 1825
3230 1880
3231 1815
3232 2048
3233 2040
3234 2360
3235 1855
3236 2090
3237 1730
3238 1840
3239 2043
3240 1898
3241 1803
3242 2160
3243 2035
3244 2200
3245 2038
3246 1815
3247 2048
3248 2185
3249 2035
3250 1805
3251 2170
3252 1925
3253 1990
3254 1835
3255 1910
3256 2085
3257 1825
3258 1803
3259 1915
3260 2140
3261 2043
3262 2008
3263 1998
3264 2095
3265 2018
3266 1963
3267 2010
3268 2033
3269 1950
3270 2070
3271 1755
3272 2030
3273 1893
3274 2108
3275 1865
3276 2283
3277 1833
3278 1880
3279 1980
3280 1998
3281 1985
3282 2080
3283 1835
3284 2028
3285 2050
3286 1865
3287 2063
3288 1985
3289 1988
3290 2045
3291 2120
3292 1893
3293 2018
3294 2033
3295 1905
3296 1815
3297 1975
3298 1973
3299 1995
3300 1855
3301 1925
3302 2160
3303 1903
3304 1885
3305 2160
3306 2120
3307 2110
3308 2093
3309 1950
3310 1918
3311 2035
3312 1838
3313 1865
3314 1905
3315 2155
3316 2118
3317 1958
3318 2105
3319 2105
3320 2038
3321 1953
3322 1858
3323 2038
3324 2143
3325 1933
3326 2085
3327 2015
3328 2055
3329 1965
3330 1975
3331 1815
3332 1935
3333 2080
3334 2203
3335 2025
3336 1965
3337 1973
3338 2033
3339 2155
3340 2105
3341 1995
3342 2073
3343 2028
3344 2288
3345 1885
3346 1928
3347 2033
3348 2063
3349 1988
3350 1770
3351 2175
3352 1975
3353 1878
3354 1885
3355 1895
3356 1953
3357 1825
3358 1963
3359 1928
3360 2155
3361 1958
3362 2155
3363 1720
3364 1923
3365 2040
3366 2130
3367 1893
3368 2003
3369 2070
3370 2258
3371 2000
3372 1950
3373 2080
3374 2460
3375 2043
3376 2115
3377 2103
3378 2200
3379 2023
3380 2118
3381 1933
3382 1978
3383 2055
3384 1948
3385 1950
3386 1950
3387 1865
3388 1928
3389 1993
3390 1875
3391 1908
3392 2068
3393 2050
3394 2075
3395 2130
3396 1845
3397 2223
3398 1785
3399 2095
3400 2048
3401 2040
3402 1973
3403 2090
3404 1950
3405 2170
3406 1960
3407 2075
3408 2015
3409 1873
3410 1970
3411 1923
3412 2133
3413 2020
3414 1995
3415 1898
3416 2045
3417 2238
3418 1960
3419 1925
3420 2023
3421 2085
3422 1838
3423 1840
3424 1870
3425 2055
3426 2155
3427 1848
3428 2153
3429 1878
3430 2023
3431 1810
3432 2140
3433 1925
3434 1985
3435 2128
3436 2005
3437 2120
3438 1820
3439 1903
3440 1868
3441 2083
3442 1975
3443 2328
3444 1763
3445 1903
3446 1773
3447 1983
3448 2320
3449 1880
3450 1883
3451 2195
3452 1953
3453 1958
3454 2138
3455 1848
3456 2115
3457 1928
3458 2175
3459 1868
3460 2263
3461 2073
3462 1825
3463 2165
3464 1908
3465 2093
3466 1840
3467 2293
3468 2000
3469 2000
3470 2015
3471 2033
3472 1948
3473 1833
3474 2038
3475 2028
3476 2008
3477 2230
3478 1968
3479 1988
3480 1915
3481 2095
3482 1945
3483 1800
3484 1825
3485 2200
3486 2175
3487 1985
3488 1975
3489 1918
3490 1980
3491 1850
3492 2140
3493 2113
3494 1973
3495 1940
3496 1968
3497 2080
3498 1885
3499 1908
3500 2085
3501 2090
3502 2073
3503 1840
3504 1933
3505 1960
3506 1865
3507 1913
3508 2258
3509 1825
3510 2018
3511 1923
3512 2083
3513 2033
3514 1838
3515 2018
3516 1863
3517 2060
3518 2045
3519 2025
3520 1815
3521 2075
3522 2208
3523 2008
3524 2245
3525 1828
3526 1880
3527 2228
3528 2313
3529 1978
3530 1863
3531 1855
3532 2130
3533 1990
3534 2145
3535 2055
3536 1958
3537 1778
3538 1900
3539 1958
3540 2033
3541 2115
3542 1900
3543 1853
3544 2083
3545 2055
3546 2060
3547 1990
3548 1915
3549 1930
3550 2070
3551 1895
3552 1938
3553 1930
3554 2005
3555 1893
3556 2263
3557 1960
3558 2020
3559 1835
3560 1893
3561 1985
3562 1890
3563 2155
3564 2258
3565 2065
3566 1985
3567 1960
3568 1940
3569 2023
3570 1868
3571 1915
3572 1955
3573 1768
3574 1890
3575 2010
3576 1985
3577 1938
3578 1988
3579 2190
3580 1940
3581 1738
3582 1918
3583 1965
3584 1978
3585 1928
3586 1820
3587 2110
3588 1998
3589 1870
3590 2018
3591 2120
3592 2110
3593 2005
3594 1910
3595 2030
3596 1863
3597 1890
3598 2035
3599 1945
3600 1965
3601 1935
3602 2173
3603 1838
3604 1790
3605 1910
3606 1940
3607 1998
3608 1998
3609 2195
3610 2365
3611 1823
3612 1875
3613 2205
3614 1970
3615 2068
3616 2150
3617 2075
3618 1843
3619 1978
3620 1858
3621 1958
3622 1850
3623 1875
3624 1850
3625 2070
3626 1993
3627 2248
3628 1923
3629 2010
3630 2368
3631 1870
3632 2238
3633 1985
3634 1828
3635 2055
3636 2170
3637 2113
3638 1953
3639 1918
3640 2233
3641 1913
3642 2083
3643 2233
3644 2195
3645 1833
3646 2038
3647 2110
3648 2195
3649 2125
3650 2008
3651 2050
3652 1878
3653 1940
3654 2010
3655 2000
3656 2070
3657 2143
3658 1968
3659 1810
3660 2108
3661 1970
3662 2233
3663 2065
3664 1953
3665 2218
3666 1895
3667 2095
3668 2015
3669 2070
3670 2265
3671 2190
3672 1978
3673 2108
3674 1920
3675 2178
3676 2205
3677 1980
3678 1990
3679 1903
3680 2170
3681 2013
3682 1790
3683 2085
3684 1968
3685 2110
3686 1803
3687 2105
3688 2093
3689 1963
3690 2128
3691 1898
3692 1935
3693 1940
3694 2018
3695 1865
3696 2028
3697 1945
3698 2190
3699 2008
3700 1888
3701 1840
3702 1895
3703 1948
3704 1985
3705 2020
3706 2103
3707 1858
3708 2048
3709 2000
3710 1878
3711 1793
3712 2030
3713 1993
3714 2185
3715 1855
3716 1938
3717 2040
3718 1943
3719 1890
3720 2088
3721 2030
3722 2000
3723 1933
3724 1903
3725 2325
3726 1883
3727 2010
3728 2058
3729 2240
3730 2040
3731 2035
3732 1835
3733 1908
3734 2033
3735 2023
3736 2153
3737 2215
3738 2020
3739 1860
3740 1885
3741 2118
3742 1963
3743 1923
3744 2023
3745 1875
3746 1913
3747 1825
3748 1953
3749 1950
3750 1998
3751 1973
3752 2015
3753 2055
3754 2273
3755 2113
3756 1860
3757 1815
3758 2013
3759 1983
3760 1833
3761 2058
3762 1970
3763 1970
3764 2023
3765 2183
3766 2085
3767 1978
3768 1993
3769 2120
3770 2068
3771 2055
3772 2133
3773 2110
3774 2093
3775 1868
3776 1945
3777 2120
3778 1920
3779 2095
3780 1990
3781 1955
3782 2338
3783 2125
3784 1880
3785 2010
3786 2073
3787 1868
3788 1940
3789 1963
3790 1933
3791 1835
3792 2045
3793 2050
3794 2003
3795 2150
3796 1985
3797 1923
3798 1920
3799 2118
3800 1945
3801 2038
3802 1980
3803 1958
3804 2083
3805 2030
3806 1845
3807 1868
3808 2080
3809 1960
3810 1900
3811 1913
3812 2100
3813 2003
3814 1800
3815 1825
3816 2080
3817 1893
3818 2043
3819 1840
3820 1965
3821 1978
3822 1860
3823 2033
3824 1960
3825 1943
3826 2168
3827 2085
3828 1938
3829 1888
3830 2053
3831 1900
3832 1920
3833 1875
3834 1845
3835 2038
3836 1850
3837 1835
3838 2150
3839 1918
3840 2263
3841 2060
3842 1985
3843 1880
3844 1900
3845 2173
3846 1930
3847 2123
3848 1898
3849 1973
3850 2105
3851 1983
3852 1955
3853 2380
3854 2000
3855 1940
3856 1990
3857 2163
3858 2420
3859 1860
3860 2158
3861 1908
3862 2213
3863 2135
3864 2183
3865 2075
3866 1843
3867 1865
3868 2358
3869 2343
3870 2200
3871 1945
3872 1865
3873 1885
3874 1850
3875 1845
3876 1995
3877 1908
3878 2178
3879 1938
3880 1943
3881 2140
3882 1788
3883 1940
3884 2125
3885 1810
3886 2000
3887 1965
3888 1905
3889 1960
3890 1975
3891 2103
3892 2130
3893 1745
3894 1913
3895 1928
3896 1820
3897 2313
3898 1973
3899 2065
3900 2083
3901 1878
3902 1980
3903 2038
3904 2235
3905 2045
3906 1885
3907 2005
3908 1925
3909 2018
3910 2203
3911 2010
3912 2060
3913 2095
3914 2015
3915 2033
3916 1970
3917 2083
3918 1780
3919 2075
3920 2140
3921 1965
3922 2060
3923 1850
3924 2305
3925 1913
3926 1990
3927 1970
3928 1853
3929 1830
3930 2023
3931 2208
3932 2108
3933 1935
3934 1885
3935 1918
3936 1920
3937 1915
3938 2120
3939 2050
3940 2175
3941 1963
3942 2233
3943 1900
3944 1955
3945 1808
3946 2030
3947 1845
3948 2028
3949 1900
3950 1758
3951 2005
3952 2458
3953 1898
3954 1933
3955 1760
3956 2190
3957 1945
3958 1958
3959 2060
3960 2125
3961 1883
3962 1878
3963 1845
3964 1913
3965 1928
3966 2000
3967 2173
3968 2323
3969 1810
3970 1908
3971 1840
3972 1978
3973 1895
3974 2108
3975 2408
3976 2013
3977 2138
3978 1960
3979 1933
3980 2193
3981 1875
3982 2103
3983 1978
3984 1915
3985 1953
3986 2153
3987 2013
3988 2078
3989 1945
3990 1890
3991 2003
3992 2095
3993 1835
3994 1908
3995 1910
3996 2248
3997 1855
3998 2025
3999 1845
4000 2240
4001 1955
4002 1833
4003 2120
4004 2025
4005 2090
4006 1895
4007 1945
4008 1868
4009 2130
4010 1968
4011 1970
4012 1850
4013 2168
4014 2090
4015 2200
4016 2275
4017 1855
4018 2333
4019 1953
4020 1980
4021 1898
4022 1770
4023 1873
4024 1775
4025 1845
4026 2020
4027 2038
4028 1945
4029 1988
4030 1888
4031 1960
4032 1950
4033 2068
4034 2113
4035 1885
4036 1905
4037 1995
4038 1938
4039 1908
4040 2225
4041 1985
4042 1903
4043 1890
4044 1973
4045 1913
4046 2248
4047 2328
4048 1880
4049 1900
4050 2090
4051 1925
4052 1848
4053 2278
4054 1985
4055 1958
4056 2050
4057 2078
4058 2203
4059 1955
4060 2033
4061 2098
4062 1953
4063 1920
4064 1985
4065 1920
4066 2015
4067 2493
4068 2190
4069 1963
4070 1903
4071 2123
4072 1888
4073 1878
4074 1965
4075 2033
4076 1960
4077 2088
4078 2093
4079 2078
4080 1930
4081 2153
4082 1918
4083 1900
4084 1960
4085 1995
4086 2018
4087 2188
4088 2020
4089 2238
4090 1868
4091 2145
4092 2083
4093 2030
4094 1928
4095 1850
4096 2070
4097 1815
4098 2030
4099 1955
4100 2153
4101 1938
4102 1938
4103 1948
4104 1828
4105 1920
4106 1993
4107 2040
4108 2205
4109 2208
4110 2140
4111 1960
4112 2265
4113 2058
4114 2043
4115 1925
4116 2008
4117 2000
4118 2028
4119 2015
4120 1905
4121 2053
4122 1903
4123 2090
4124 2055
4125 2230
4126 1960
4127 2010
4128 1945
4129 2575
4130 2155
4131 2203
4132 1883
4133 2115
4134 2263
4135 2140
4136 1995
4137 2103
4138 1973
4139 2090
4140 2263
4141 1840
4142 2093
4143 2018
4144 1785
4145 2178
4146 1985
4147 1880
4148 1975
4149 1988
4150 2005
4151 1930
4152 2013
4153 1803
4154 2100
4155 1860
4156 1938
4157 1915
4158 1928
4159 2140
4160 2025
4161 2090
4162 2118
4163 2075
4164 1985
4165 2058
4166 1805
4167 1975
4168 1850
4169 2018
4170 2145
4171 2158
4172 1845
4173 1900
4174 2068
4175 2018
4176 2075
4177 1975
4178 2258
4179 1923
4180 1885
4181 2130
4182 2010
4183 1830
4184 1998
4185 1995
4186 2008
4187 2008
4188 1945
4189 1958
4190 1940
4191 1805
4192 1800
4193 2153
4194 2105
4195 1993
4196 1948
4197 2000
4198 1940
4199 2038
4200 1963
4201 2013
4202 1898
4203 2015
4204 1875
4205 1800
4206 2250
4207 2323
4208 1995
4209 2000
4210 1985
4211 1838
4212 1970
4213 1953
4214 2030
4215 2310
4216 1978
4217 1928
4218 2065
4219 1915
4220 2370
4221 1898
4222 2078
4223 1930
4224 1965
4225 1743
4226 1965
4227 1828
4228 1803
4229 1883
4230 1848
4231 2040
4232 1758
4233 1865
4234 2260
4235 2250
4236 1988
4237 1918
4238 2115
4239 1865
4240 2025
4241 2220
4242 1970
4243 1948
4244 1855
4245 1838
4246 1985
4247 1953
4248 2000
4249 2030
4250 2048
4251 2015
4252 2000
4253 1978
4254 1905
4255 1865
4256 1885
4257 2180
4258 2205
4259 1908
4260 1870
4261 1925
4262 1895
4263 2295
4264 2143
4265 2005
4266 2140
4267 1923
4268 2020
4269 1938
4270 2185
4271 1835
4272 2000
4273 1940
4274 1905
4275 2105
4276 1955
4277 1943
4278 1985
4279 2108
4280 2040
4281 1938
4282 2015
4283 1860
4284 2213
4285 1945
4286 2118
4287 2335
4288 1900
4289 1770
4290 2050
4291 1938
4292 1855
4293 1880
4294 2180
4295 2040
4296 1830
4297 1868
4298 2115
4299 2110
4300 2093
4301 1915
4302 1783
4303 2173
4304 2000
4305 1820
4306 2090
4307 1885
4308 1875
4309 1825
4310 1953
4311 1823
4312 1875
4313 2165
4314 2023
4315 1910
4316 1883
4317 1965
4318 1863
4319 2043
4320 2190
4321 2040
4322 2028
4323 1820
4324 2145
4325 2085
4326 1988
4327 2028
4328 2093
4329 1863
4330 1755
4331 2130
4332 1933
4333 2230
4334 1913
4335 1885
4336 2190
4337 1968
4338 1955
4339 2010
4340 2295
4341 2198
4342 2173
4343 1905
4344 1980
4345 1983
4346 2010
4347 2053
4348 2115
4349 1980
4350 1943
4351 2095
4352 2010
4353 1963
4354 1790
4355 1988
4356 1875
4357 1905
4358 2165
4359 2093
4360 2283
4361 1903
4362 2023
4363 2108
4364 2100
4365 2000
4366 2045
4367 2113
4368 2065
4369 1968
4370 2018
4371 2448
4372 1878
4373 2135
4374 2305
4375 2030
4376 2125
4377 2185
4378 1850
4379 2103
4380 2123
4381 2095
4382 1990
4383 1975
4384 2055
4385 1905
4386 1913
4387 1965
4388 2095
4389 2043
4390 2155
4391 2185
4392 1873
4393 1935
4394 1938
4395 2145
4396 1905
4397 1883
4398 2088
4399 2098
4400 1790
4401 2133
4402 2030
4403 1900
4404 2070
4405 1870
4406 1950
4407 2005
4408 1993
4409 1950
4410 1960
4411 1985
4412 2050
4413 1945
4414 1973
4415 2145
4416 2105
4417 2228
4418 1983
4419 2163
4420 1910
4421 1955
4422 2123
4423 1788
4424 2110
4425 1923
4426 2228
4427 1855
4428 1858
4429 2095
4430 1938
4431 2015
4432 2263
4433 2078
4434 2330
4435 2005
4436 1858
4437 2023
4438 1855
4439 1883
4440 2418
4441 1960
4442 2030
4443 2110
4444 1825
4445 2003
4446 1830
4447 1940
4448 2003
4449 1940
4450 1845
4451 1825
4452 2035
4453 2095
4454 1808
4455 1930
4456 2165
4457 2050
4458 1938
4459 2080
4460 1900
4461 1923
4462 1848
4463 1923
4464 2248
4465 2160
4466 1825
4467 1998
4468 1890
4469 1968
4470 1843
4471 2190
4472 2068
4473 1920
4474 2240
4475 2138
4476 1848
4477 1965
4478 1790
4479 2030
4480 1935
4481 1960
4482 1893
4483 1988
4484 2013
4485 1833
4486 1903
4487 2125
4488 2058
4489 2285
4490 2228
4491 1988
4492 2075
4493 1735
4494 2060
4495 2058
4496 2170
4497 2015
4498 1933
4499 2190
4500 2138
4501 1825
4502 1880
4503 1928
4504 1980
4505 1880
4506 2003
4507 1948
4508 1975
4509 2243
4510 1865
4511 2060
4512 1870
4513 1875
4514 2013
4515 2108
4516 1955
4517 1953
4518 1913
4519 1935
4520 2020
4521 2058
4522 1888
4523 2045
4524 1970
4525 2078
4526 2318
4527 1945
4528 1910
4529 1853
4530 1953
4531 1830
4532 2078
4533 1955
4534 1845
4535 1973
4536 1998
4537 1833
4538 1980
4539 1990
4540 2010
4541 1945
4542 2050
4543 1810
4544 2090
4545 1915
4546 1830
4547 2050
4548 1968
4549 2028
4550 2058
4551 2108
4552 2198
4553 1975
4554 2180
4555 1953
4556 1865
4557 1900
4558 2088
4559 1983
4560 1865
4561 2020
4562 2013
4563 2280
4564 1960
4565 2048
4566 2008
4567 1985
4568 1918
4569 1945
4570 2065
4571 2070
4572 1985
4573 1895
4574 2065
4575 1898
4576 1968
4577 2168
4578 2000
4579 1723
4580 2018
4581 1965
4582 2268
4583 1925
4584 2145
4585 2078
4586 1935
4587 1748
4588 1975
4589 2098
4590 2115
4591 2158
4592 2005
4593 2235
4594 1890
4595 1870
4596 2368
4597 2055
4598 2008
4599 1868
4600 1978
4601 2180
4602 2130
4603 1905
4604 1888
4605 2233
4606 2363
4607 2155
4608 1883
4609 2150
4610 1890
4611 1848
4612 2045
4613 2083
4614 1878
4615 1813
4616 2270
4617 1900
4618 1738
4619 1858
4620 2145
4621 1970
4622 2050
4623 2010
4624 1815
4625 1928
4626 2308
4627 1878
4628 2000
4629 2090
4630 1805
4631 1938
4632 1875
4633 2173
4634 1865
4635 1988
4636 2025
4637 1883
4638 1913
4639 2030
4640 1928
4641 1883
4642 1920
4643 1813
4644 2168
4645 1995
4646 2065
4647 2235
4648 2188
4649 2130
4650 2170
4651 2015
4652 2273
4653 1858
4654 2118
4655 2205
4656 2030
4657 1993
4658 2088
4659 2168
4660 1983
4661 1985
4662 1963
4663 1838
4664 1968
4665 1915
4666 1860
4667 2270
4668 1863
4669 2075
4670 1968
4671 2045
4672 1903
4673 1848
4674 1880
4675 2170
4676 1835
4677 1965
4678 2000
4679 2150
4680 1858
4681 1918
4682 1910
4683 2310
4684 2103
4685 2155
4686 1998
4687 2248
4688 1803
4689 2148
4690 1855
4691 2103
4692 2253
4693 2103
4694 2043
4695 1980
4696 1848
4697 2080
4698 1980
4699 2000
4700 1830
4701 1995
4702 1808
4703 1825
4704 1845
4705 1893
4706 2160
4707 2235
4708 1998
4709 2068
4710 2008
4711 1868
4712 2068
4713 1953
4714 1785
4715 2138
4716 1968
4717 1933
4718 2038
4719 1868
4720 1775
4721 2015
4722 2090
4723 1900
4724 1963
4725 1883
4726 1910
4727 1878
4728 2165
4729 1883
4730 2160
4731 1950
4732 1913
4733 1933
4734 1960
4735 2238
4736 1853
4737 2080
4738 1993
4739 1943
4740 1930
4741 2035
4742 2135
4743 2008
4744 1973
4745 1848
4746 2143
4747 2033
4748 1990
4749 2065
4750 1835
4751 2435
4752 2120
4753 1825
4754 1903
4755 2055
4756 1978
4757 2183
4758 1975
4759 2120
4760 1975
4761 1828
4762 2168
4763 1950
4764 2090
4765 2065
4766 2098
4767 2045
4768 1855
4769 1933
4770 2275
4771 1978
4772 2050
4773 1900
4774 2285
4775 2238
4776 1835
4777 2060
4778 1895
4779 1940
4780 2080
4781 1868
4782 2293
4783 1893
4784 2393
4785 2073
4786 1853
4787 1990
4788 2008
4789 1855
4790 1870
4791 1955
4792 2005
4793 2040
4794 2110
4795 1995
4796 1895
4797 2058
4798 2020
4799 2200
4800 1818
4801 2055
4802 1905
4803 1885
4804 1945
4805 1948
4806 2353
4807 1920
4808 1850
4809 2273
4810 1973
4811 2180
4812 1750
4813 1975
4814 1993
4815 2025
4816 2170
4817 2003
4818 2275
4819 1998
4820 2158
4821 1905
4822 1985
4823 2048
4824 2245
4825 2115
4826 2183
4827 2038
4828 1935
4829 2173
4830 2043
4831 2128
4832 1798
4833 1995
4834 1993
4835 2028
4836 1863
4837 1960
4838 1890
4839 1855
4840 2050
4841 2205
4842 2030
4843 2288
4844 2020
4845 1880
4846 1900
4847 1915
4848 1958
4849 2210
4850 1980
4851 1910
4852 2065
4853 2158
4854 1978
4855 2075
4856 2148
4857 2070
4858 1880
4859 2033
4860 1925
4861 2000
4862 1863
4863 2105
4864 1865
4865 2185
4866 2098
4867 2258
4868 2545
4869 2290
4870 1938
4871 2050
4872 2095
4873 1883
4874 2005
4875 2030
4876 2178
4877 1928
4878 1873
4879 1965
4880 1970
4881 1970
4882 1980
4883 1830
4884 2028
4885 2110
4886 2083
4887 2068
4888 1983
4889 2135
4890 2063
4891 2150
4892 2003
4893 1860
4894 1943
4895 1850
4896 2135
4897 2055
4898 2135
4899 1850
4900 1838
4901 2085
4902 2008
4903 1895
4904 1948
4905 1948
4906 1965
4907 2065
4908 1880
4909 1963
4910 1950
4911 1960
4912 1978
4913 1968
4914 2088
4915 1925
4916 1835
4917 2248
4918 1935
4919 1895
4920 2040
4921 1955
4922 1995
4923 2038
4924 1875
4925 1975
4926 2025
4927 2020
4928 2035
4929 2025
4930 1970
4931 2035
4932 1970
4933 1840
4934 2055
4935 2148
4936 2010
4937 1840
4938 1898
4939 1878
4940 1925
4941 2090
4942 2355
4943 2453
4944 1963
4945 2023
4946 1850
4947 1940
4948 2018
4949 1808
4950 1940
4951 2038
4952 1900
4953 1983
4954 1965
4955 2010
4956 1955
4957 1883
4958 2235
4959 1898
4960 1873
4961 1810
4962 2048
4963 1968
4964 2043
4965 1773
4966 1835
4967 1945
4968 2170
4969 1878
4970 1928
4971 2118
4972 1980
4973 1820
4974 1948
4975 1990
4976 2353
4977 2103
4978 1938
4979 1958
4980 2000
4981 2023
4982 1930
4983 1868
4984 2010
4985 1978
4986 1818
4987 2075
4988 2095
4989 2240
4990 1855
4991 2343
4992 2020
4993 1910
4994 2173
4995 1973
4996 1890
4997 1813
4998 2040
4999 1908
5000 2023
5001 1965
5002 2130
5003 2230
5004 1863
5005 1903
5006 1995
5007 1900
5008 1823
5009 2110
5010 1858
5011 2085
5012 2078
5013 2185
5014 2040
5015 1983
5016 2035
5017 2075
5018 2208
5019 1943
5020 1960
5021 1923
5022 1938
5023 1980
5024 1870
5025 2078
5026 1805
5027 2190
5028 2015
5029 2143
5030 2023
5031 1933
5032 1958
5033 2170
5034 2153
5035 2090
5036 2013
5037 2028
5038 1925
5039 1908
5040 1858
5041 2098
5042 1900
5043 1940
5044 2190
5045 1948
5046 2150
5047 1828
5048 2190
5049 2440
5050 1968
5051 2043
5052 1990
5053 2010
5054 1973
5055 2033
5056 1988
5057 2158
5058 2353
5059 2040
5060 1900
5061 1848
5062 2243
5063 2045
5064 1830
5065 1953
5066 2043
5067 2125
5068 2008
5069 1955
5070 2175
5071 2213
5072 2105
5073 1998
5074 1878
5075 1880
5076 1905
5077 2065
5078 2163
5079 2103
5080 1935
5081 2005
5082 1868
5083 1838
5084 1853
5085 1970
5086 2053
5087 1843
5088 1915
5089 1925
5090 1930
5091 1813
5092 1825
5093 1955
5094 1855
5095 2225
5096 1790
5097 1835
5098 2008
5099 1980
5100 2000
5101 2040
5102 1960
5103 1880
5104 2013
5105 2150
5106 2060
5107 2055
5108 1953
5109 2213
5110 2068
5111 2078
5112 1883
5113 2163
5114 2330
5115 2095
5116 1960
5117 1765
5118 1988
5119 1943
5120 1898
5121 1958
5122 2088
5123 2105
5124 1943
5125 1873
5126 2060
5127 1960
5128 2150
5129 2005
5130 1910
5131 2080
5132 1983
5133 2060
5134 1983
5135 1955
5136 1853
5137 1950
5138 1830
5139 2113
5140 1913
5141 1960
5142 1905
5143 2283
5144 2143
5145 1983
5146 2088
5147 1995
5148 2048
5149 1890
5150 1913
5151 1993
5152 1865
5153 1930
5154 2060
5155 2133
5156 2005
5157 1948
5158 1983
5159 1950
5160 1920
5161 1940
5162 1948
5163 2158
5164 2108
5165 2040
5166 1983
5167 1970
5168 1960
5169 1928
5170 2008
5171 1853
5172 1905
5173 1958
5174 1943
5175 1808
5176 1888
5177 1865
5178 2010
5179 2125
5180 1930
5181 1850
5182 1925
5183 1875
5184 2170
5185 1955
5186 1860
5187 2275
5188 1843
5189 2285
5190 1975
5191 1908
5192 1873
5193 1940
5194 1865
5195 1978
5196 1968
5197 1853
5198 2010
5199 2135
5200 2180
5201 2143
5202 1838
5203 1955
5204 1883
5205 2090
5206 2450
5207 2213
5208 2000
5209 2065
5210 1918
5211 1958
5212 1905
5213 1805
5214 1925
5215 2015
5216 2003
5217 1960
5218 2078
5219 1985
5220 1968
5221 2095
5222 2053
5223 2053
5224 2013
5225 1970
5226 2038
5227 1915
5228 1840
5229 2103
5230 2258
5231 2085
5232 2008
5233 2155
5234 1990
5235 1865
5236 1975
5237 2090
5238 2068
5239 2240
5240 2240
5241 1798
5242 1905
5243 2180
5244 2055
5245 1940
5246 1928
5247 2215
5248 1798
5249 1980
5250 1925
5251 1938
5252 2193
5253 2000
5254 1868
5255 1980
5256 1985
5257 2045
5258 2025
5259 1850
5260 1828
5261 2128
5262 2010
5263 1980
5264 1900
5265 1773
5266 2055
5267 2030
5268 2220
5269 2195
5270 1965
5271 1933
5272 2020
5273 2065
5274 1890
5275 2153
5276 2045
5277 2383
5278 1928
5279 2020
5280 1963
5281 1910
5282 1888
5283 1810
5284 1910
5285 1880
5286 1905
5287 2180
5288 1873
5289 2060
5290 1940
5291 2030
5292 1958
5293 1930
5294 2203
5295 1883
5296 2053
5297 2128
5298 2028
5299 1835
5300 2048
5301 1980
5302 1875
5303 1970
5304 1855
5305 2013
5306 2153
5307 2103
5308 2155
5309 1830
5310 2028
5311 1850
5312 2013
5313 1858
5314 1983
5315 1988
5316 2035
5317 1885
5318 2003
5319 1893
5320 1860
5321 2150
5322 1930
5323 2248
5324 1860
5325 2380
5326 1935
5327 1978
5328 1953
5329 1925
5330 2008
5331 2320
5332 1930
5333 1885
5334 2245
5335 2048
5336 2205
5337 2053
5338 2153
5339 1860
5340 1973
5341 1825
5342 2040
5343 1953
5344 2003
5345 1813
5346 1978
5347 1958
5348 1913
5349 1833
5350 2028
5351 1975
5352 1908
5353 1928
5354 2070
5355 2023
5356 1975
5357 1920
5358 1885
5359 1905
5360 2055
5361 2133
5362 1975
5363 2058
5364 2268
5365 2135
5366 1908
5367 1883
5368 2000
5369 1798
5370 1978
5371 2143
5372 2108
5373 1848
5374 1965
5375 1980
5376 1923
5377 1835
5378 1803
5379 1973
5380 2370
5381 1805
5382 1955
5383 2105
5384 1975
5385 1968
5386 2028
5387 1858
5388 1920
5389 1978
5390 2035
5391 1893
5392 1953
5393 2113
5394 2010
5395 2028
5396 2343
5397 2285
5398 2125
5399 2155
5400 2075
5401 1938
5402 2170
5403 1868
5404 1920
5405 1863
5406 1898
5407 1955
5408 1770
5409 1850
5410 1895
5411 1998
5412 2003
5413 2053
5414 1838
5415 1985
5416 2083
5417 2098
5418 1995
5419 2163
5420 1933
5421 2035
5422 2028
5423 2175
5424 1915
5425 2015
5426 2025
5427 1933
5428 1865
5429 2073
5430 2023
5431 2323
5432 2248
5433 1883
5434 1933
5435 1850
5436 2078
5437 1983
5438 2273
5439 2103
5440 2110
5441 2028
5442 1935
5443 1808
5444 2015
5445 1810
5446 1903
5447 2118
5448 1920
5449 2190
5450 2093
5451 1928
5452 1988
5453 1918
5454 2003
5455 1933
5456 1890
5457 2068
5458 2225
5459 2015
5460 1883
5461 2065
5462 1785
5463 1983
5464 1885
5465 1930
5466 1873
5467 1998
5468 2345
5469 2195
5470 1858
5471 1998
5472 2088
5473 1830
5474 1940
5475 2055
5476 2093
5477 1963
5478 1848
5479 2063
5480 1965
5481 1970
5482 2023
5483 2055
5484 1965
5485 2015
5486 2000
5487 1903
5488 1980
5489 2328
5490 2025
5491 2083
5492 1963
5493 2085
5494 2023
5495 2165
5496 1903
5497 1948
5498 2070
5499 2120
5500 1943
5501 1883
5502 1803
5503 1935
5504 1963
5505 2228
5506 2340
5507 1975
5508 2035
5509 1928
5510 2048
5511 1840
5512 1985
5513 1953
5514 2275
5515 1883
5516 2033
5517 2038
5518 1970
5519 2060
5520 2235
5521 1853
5522 1905
5523 1873
5524 2133
5525 1898
5526 1983
5527 1840
5528 2090
5529 1908
5530 1865
5531 1975
5532 2235
5533 2085
5534 2015
5535 1880
5536 2368
5537 1893
5538 1870
5539 2085
5540 1983
5541 1988
5542 1948
5543 2045
5544 2015
5545 2015
5546 1915
5547 2133
5548 2033
5549 1990
5550 2060
5551 2118
5552 1928
5553 2150
5554 2155
5555 1818
5556 1980
5557 2140
5558 2005
5559 1908
5560 1935
5561 2205
5562 1950
5563 2035
5564 1933
5565 2218
5566 2063
5567 2090
5568 1805
5569 1993
5570 2100
5571 2323
5572 1848
5573 2150
5574 1788
5575 1938
5576 1870
5577 2133
5578 1920
5579 2030
5580 2555
5581 1885
5582 1840
5583 1900
5584 2075
5585 1850
5586 2040
5587 2273
5588 1808
5589 1950
5590 1948
5591 2093
5592 2060
5593 2055
5594 2245
5595 1905
5596 2100
5597 1983
5598 1973
5599 1833
5600 2045
5601 2063
5602 1938
5603 2155
5604 2255
5605 1930
5606 2065
5607 1865
5608 2000
5609 1913
5610 2060
5611 2138
5612 2035
5613 1948
5614 2273
5615 1825
5616 1853
5617 1785
5618 1928
5619 2005
5620 2098
5621 1948
5622 1968
5623 2123
5624 1893
5625 2118
5626 2030
5627 1825
5628 1813
5629 2030
5630 1938
5631 1920
5632 1918
5633 1978
5634 2030
5635 2008
5636 1933
5637 2058
5638 1968
5639 1848
5640 2248
5641 1910
5642 1813
5643 1900
5644 1910
5645 1810
5646 1915
5647 2138
5648 1870
5649 2203
5650 1845
5651 1895
5652 1870
5653 1943
5654 2038
5655 2085
5656 1830
5657 2098
5658 2065
5659 2203
5660 1848
5661 2215
5662 2010
5663 2095
5664 1873
5665 1908
5666 1923
5667 2140
5668 1853
5669 1810
5670 1905
5671 2105
5672 2080
5673 1953
5674 1900
5675 1900
5676 1933
5677 2060
5678 1840
5679 1898
5680 2045
5681 2033
5682 1965
5683 2048
5684 2023
5685 1873
5686 1768
5687 1930
5688 1828
5689 2200
5690 2233
5691 2058
5692 1888
5693 1945
5694 2025
5695 1940
5696 2313
5697 1975
5698 2033
5699 1820
5700 1915
5701 1788
5702 2010
5703 2250
5704 2068
5705 1758
5706 2060
5707 1923
5708 1855
5709 1868
5710 1805
5711 2403
5712 2023
5713 2050
5714 1928
5715 1938
5716 1768
5717 2045
5718 2255
5719 1905
5720 1978
5721 2123
5722 1945
5723 1893
5724 1960
5725 2023
5726 2330
5727 2010
5728 2188
5729 2040
5730 2115
5731 1830
5732 2005
5733 2110
5734 1960
5735 2020
5736 1948
5737 2108
5738 2183
5739 1793
5740 2040
5741 1955
5742 1968
5743 1790
5744 2065
5745 2043
5746 2070
5747 1945
5748 1940
5749 1958
5750 1820
5751 2010
5752 1865
5753 2058
5754 2033
5755 2035
5756 2338
5757 1910
5758 1890
5759 1985
5760 1810
5761 2115
5762 1923
5763 1960
5764 2173
5765 1850
5766 1928
5767 1970
5768 2040
5769 1930
5770 2083
5771 1913
5772 2155
5773 2208
5774 1958
5775 2055
5776 1908
5777 1980
5778 1873
5779 1998
5780 2165
5781 1823
5782 2153
5783 2025
5784 1995
5785 2130
5786 2200
5787 1870
5788 1755
5789 2013
5790 2075
5791 1848
5792 1895
5793 2018
5794 1935
5795 2068
5796 1953
5797 2008
5798 1905
5799 2030
5800 2015
5801 2053
5802 2178
5803 2185
5804 1793
5805 1885
5806 1883
5807 1955
5808 1908
5809 2088
5810 2083
5811 2115
5812 1885
5813 1885
5814 2003
5815 2073
5816 2350
5817 2115
5818 2005
5819 2080
5820 2163
5821 2200
5822 1935
5823 2413
5824 2085
5825 1950
5826 2050
5827 1930
5828 2008
5829 1885
5830 2443
5831 1930
5832 1860
5833 1915
5834 1943
5835 1840
5836 1970
5837 1988
5838 1950
5839 1825
5840 2048
5841 2055
5842 1943
5843 1993
5844 1843
5845 2083
5846 1955
5847 2095
5848 2015
5849 1873
5850 1905
5851 1898
5852 2073
5853 1800
5854 1878
5855 2110
5856 2060
5857 2130
5858 1993
5859 1988
5860 2195
5861 2085
5862 2078
5863 1878
5864 1868
5865 2140
5866 2093
5867 2368
5868 1890
5869 2030
5870 1940
5871 1788
5872 2070
5873 1988
5874 1833
5875 1800
5876 2095
5877 2193
5878 2280
5879 2083
5880 2248
5881 2193
5882 2140
5883 1850
5884 2030
5885 2145
5886 1868
5887 2135
5888 1835
5889 2100
5890 2065
5891 1928
5892 2650
5893 2145
5894 2323
5895 2025
5896 2225
5897 2148
5898 2078
5899 1815
5900 1933
5901 1898
5902 1843
5903 1875
5904 1840
5905 1973
5906 1745
5907 1835
5908 2060
5909 1870
5910 1988
5911 2060
5912 1878
5913 1920
5914 2075
5915 1978
5916 1910
5917 2140
5918 2123
5919 2153
5920 2085
5921 1863
5922 2078
5923 1940
5924 2033
5925 2085
5926 2018
5927 2163
5928 2580
5929 2155
5930 2133
5931 1913
5932 2025
5933 2240
5934 1900
5935 1930
5936 2025
5937 1885
5938 1898
5939 1950
5940 1980
5941 1865
5942 2085
5943 2260
5944 2000
5945 2105
5946 1968
5947 1988
5948 1900
5949 1985
5950 1943
5951 1995
5952 1940
5953 2093
5954 1878
5955 1928
5956 2120
5957 1935
5958 1903
5959 2285
5960 2003
5961 2195
5962 2268
5963 2390
5964 2030
5965 2155
5966 2070
5967 2068
5968 2105
5969 1928
5970 1830
5971 2058
5972 1943
5973 2043
5974 2025
5975 2208
5976 2178
5977 2025
5978 2023
5979 2028
5980 2013
5981 1850
5982 2315
5983 1763
5984 1818
5985 1928
5986 1893
5987 1998
5988 1930
5989 1950
5990 2130
5991 1915
5992 2190
5993 2230
5994 2105
5995 2065
5996 1913
5997 1815
5998 1848
5999 1918
6000 2065
6001 2140
6002 2078
6003 2145
6004 1983
6005 1803
6006 1965
6007 1938
6008 1883
6009 2018
6010 2218
6011 1890
6012 2045
6013 1845
6014 1850
6015 2028
6016 2353
6017 2053
6018 1940
6019 2095
6020 1845
6021 1785
6022 2068
6023 2080
6024 1965
6025 1980
6026 2068
6027 1895
6028 2108
6029 2425
6030 1955
6031 2018
6032 1885
6033 1795
6034 1988
6035 2138
6036 1963
6037 1915
6038 1873
6039 1883
6040 2205
6041 1955
6042 2103
6043 1863
6044 1873
6045 2005
6046 1905
6047 2055
6048 2203
6049 2075
6050 1985
6051 1885
6052 1828
6053 1800
6054 1830
6055 2135
6056 2063
6057 2133
6058 2015
6059 1950
6060 1880
6061 1878
6062 2013
6063 1893
6064 1800
6065 2185
6066 2078
6067 1958
6068 1998
6069 2160
6070 1990
6071 2143
6072 1988
6073 1895
6074 2173
6075 1888
6076 2100
6077 1910
6078 2020
6079 1935
6080 1885
6081 1985
6082 1988
6083 2010
6084 2108
6085 1973
6086 2253
6087 1875
6088 1785
6089 2128
6090 2235
6091 1925
6092 1783
6093 2315
6094 2373
6095 2058
6096 1968
6097 2115
6098 2000
6099 1910
6100 1988
6101 1895
6102 1960
6103 2003
6104 2115
6105 1898
6106 1858
6107 1888
6108 2043
6109 2235
6110 2148
6111 2083
6112 2200
6113 2140
6114 1780
6115 2033
6116 1930
6117 1985
6118 1900
6119 1908
6120 2040
6121 1978
6122 1878
6123 2350
6124 2220
6125 1955
6126 1878
6127 2043
6128 1895
6129 1965
6130 2025
6131 1825
6132 1870
6133 1985
6134 1940
6135 1930
6136 1845
6137 1815
6138 1913
6139 2065
6140 1858
6141 1955
6142 1940
6143 2028
6144 2050
6145 2180
6146 2375
6147 2140
6148 2020
6149 1923
6150 2125
6151 1985
6152 2098
6153 2145
6154 1975
6155 2060
6156 1830
6157 1943
6158 1940
6159 1953
6160 2250
6161 1888
6162 1903
6163 2138
6164 2073
6165 2008
6166 2158
6167 2058
6168 2115
6169 2258
6170 2345
6171 1920
6172 1810
6173 2048
6174 1990
6175 2000
6176 1943
6177 1853
6178 1970
6179 2050
6180 2023
6181 2065
6182 2035
6183 2038
6184 1985
6185 2115
6186 2040
6187 1855
6188 1900
6189 2115
6190 1978
6191 1980
6192 1943
6193 1900
6194 1935
6195 1873
6196 2005
6197 1998
6198 1868
6199 1875
6200 2040
6201 2033
6202 1925
6203 1933
6204 1920
6205 1853
6206 2008
6207 2065
6208 2113
6209 1885
6210 2010
6211 2028
6212 2005
6213 1935
6214 2083
6215 2168
6216 1925
6217 2343
6218 2075
6219 1913
6220 2063
6221 2045
6222 2288
6223 2015
6224 2255
6225 2068
6226 1930
6227 1875
6228 2475
6229 2360
6230 1940
6231 1878
6232 1885
6233 1865
6234 1945
6235 1883
6236 2188
6237 1830
6238 1975
6239 1815
6240 1945
6241 1945
6242 1993
6243 1980
6244 1920
6245 2035
6246 1995
6247 1905
6248 1858
6249 2155
6250 2138
6251 2235
6252 1970
6253 2018
6254 2123
6255 1940
6256 2055
6257 2083
6258 1970
6259 2068
6260 2005
6261 1788
6262 2180
6263 1990
6264 1995
6265 1890
6266 1973
6267 2125
6268 1940
6269 1923
6270 2010
6271 2055
6272 2145
6273 1905
6274 2108
6275 2020
6276 1873
6277 1865
6278 1885
6279 1928
6280 1950
6281 2020
6282 1938
6283 2158
6284 2028
6285 1863
6286 1930
6287 2083
6288 2255
6289 1920
6290 1965
6291 1770
6292 2163
6293 2083
6294 2235
6295 1995
6296 2000
6297 2388
6298 1880
6299 2055
6300 2058
6301 2005
6302 2055
6303 1845
6304 1968
6305 2328
6306 2093
6307 1960
6308 2063
6309 1820
6310 2043
6311 2115
6312 1818
6313 1970
6314 2070
6315 1978
6316 1773
6317 2018
6318 2140
6319 2130
6320 2190
6321 1943
6322 2145
6323 1863
6324 2020
6325 1910
6326 1950
6327 2060
6328 1978
6329 2090
6330 1858
6331 1883
6332 2055
6333 1910
6334 2000
6335 2003
6336 1908
6337 1835
6338 1998
6339 2048
6340 2073
6341 1943
6342 1865
6343 1948
6344 1988
6345 1863
6346 2013
6347 1988
6348 2100
6349 2038
6350 1888
6351 2000
6352 2135
6353 1960
6354 2173
6355 2170
6356 2023
6357 1940
6358 1998
6359 2420
6360 1998
6361 1915
6362 1953
6363 1978
6364 1953
6365 1865
6366 2230
6367 1795
6368 1898
6369 1968
6370 2045
6371 1900
6372 1875
6373 2155
6374 1990
6375 2365
6376 1983
6377 1970
6378 1883
6379 1945
6380 1890
6381 2060
6382 1915
6383 2088
6384 1905
6385 2195
6386 2013
6387 1985
6388 2025
6389 2028
6390 2005
6391 1943
6392 1898
6393 2200
6394 2183
6395 2070
6396 1853
6397 2210
6398 2073
6399 1945
6400 2160
6401 1883
6402 2123
6403 2028
6404 1798
6405 2005
6406 1895
6407 2138
6408 1908
6409 1793
6410 2070
6411 1780
6412 2080
6413 1930
6414 2043
6415 2063
6416 1963
6417 1878
6418 2015
6419 2073
6420 2043
6421 2078
6422 2013
6423 2148
6424 1920
6425 1885
6426 2135
6427 1955
6428 2150
6429 2003
6430 2053
6431 2045
6432 2153
6433 2178
6434 2148
6435 1985
6436 2230
6437 1838
6438 1793
6439 1898
6440 2320
6441 1868
6442 2045
6443 1870
6444 2053
6445 2273
6446 1893
6447 1945
6448 1990
6449 1915
6450 1923
6451 2105
6452 1955
6453 1910
6454 2255
6455 1828
6456 1990
6457 1993
6458 2045
6459 1845
6460 2115
6461 2008
6462 2093
6463 1875
6464 1905
6465 1853
6466 1978
6467 1893
6468 1983
6469 2078
6470 1998
6471 1825
6472 2020
6473 2075
6474 1885
6475 2035
6476 1945
6477 1943
6478 1908
6479 2050
6480 2213
6481 2065
6482 1865
6483 2283
6484 1823
6485 1913
6486 1970
6487 1840
6488 1828
6489 2075
6490 1873
6491 1928
6492 1905
6493 1985
6494 1845
6495 2228
6496 2265
6497 2025
6498 1980
6499 2265
6500 1940
6501 1805
6502 1945
6503 1973
6504 1933
6505 2280
6506 2063
6507 1993
6508 2138
6509 2183
6510 2135
6511 2013
6512 2033
6513 1878
6514 1968
6515 2183
6516 1860
6517 1913
6518 1970
6519 1813
6520 2185
6521 1760
6522 2080
6523 1905
6524 2390
6525 2063
6526 2175
6527 1933
6528 1998
6529 1980
6530 1953
6531 2143
6532 2003
6533 1893
6534 1960
6535 1940
6536 1940
6537 1888
6538 1863
6539 2225
6540 2113
6541 1930
6542 2303
6543 1890
6544 2280
6545 1905
6546 2103
6547 2028
6548 1878
6549 2030
6550 2033
6551 2223
6552 1975
6553 2088
6554 2103
6555 1845
6556 1905
6557 2125
6558 1908
6559 2088
6560 2165
6561 2188
6562 2108
6563 2035
6564 1943
6565 1995
6566 1950
6567 1860
6568 1945
6569 2038
6570 2160
6571 1805
6572 2155
6573 2098
6574 1968
6575 2113
6576 1975
6577 1885
6578 1938
6579 1990
6580 2250
6581 1915
6582 1978
6583 1773
6584 2035
6585 1933
6586 2083
6587 2120
6588 2118
6589 1815
6590 2280
6591 1830
6592 1840
6593 2028
6594 1955
6595 2170
6596 1853
6597 1795
6598 1880
6599 2135
6600 1965
6601 1980
6602 2163
6603 1830
6604 1895
6605 1913
6606 2125
6607 2068
6608 1873
6609 1940
6610 1825
6611 2160
6612 1985
6613 1815
6614 1970
6615 1910
6616 1908
6617 1990
6618 2158
6619 2010
6620 1975
6621 1865
6622 1973
6623 1888
6624 2030
6625 1915
6626 1905
6627 2048
6628 1978
6629 2043
6630 2048
6631 1740
6632 1915
6633 1900
6634 1910
6635 2193
6636 2040
6637 2233
6638 2263
6639 2103
6640 2280
6641 2050
6642 2248
6643 1960
6644 1975
6645 1958
6646 1783
6647 1950
6648 2295
6649 1900
6650 1795
6651 1928
6652 2153
6653 1928
6654 1925
6655 2265
6656 2173
6657 1963
6658 2038
6659 2070
6660 1985
6661 1880
6662 1903
6663 1990
6664 2203
6665 2178
6666 2028
6667 2000
6668 1895
6669 2028
6670 1885
6671 1998
6672 1870
6673 1980
6674 1910
6675 1775
6676 1840
6677 2115
6678 2063
6679 1885
6680 1845
6681 2110
6682 1915
6683 1873
6684 2220
6685 2060
6686 2005
6687 1945
6688 2015
6689 1780
6690 1805
6691 1868
6692 2385
6693 1903
6694 2100
6695 1908
6696 1913
6697 1835
6698 1905
6699 2003
6700 2000
6701 1920
6702 2055
6703 1958
6704 1910
6705 1845
6706 2170
6707 2158
6708 1995
6709 2090
6710 2033
6711 2100
6712 1865
6713 1943
6714 2093
6715 1878
6716 1933
6717 1923
6718 2208
6719 1835
6720 2060
6721 2275
6722 2173
6723 1943
6724 1830
6725 2223
6726 1905
6727 2073
6728 1950
6729 1875
6730 2015
6731 2120
6732 1845
6733 2033
6734 1758
6735 2018
6736 2040
6737 1905
6738 1953
6739 2185
6740 1938
6741 1908
6742 1928
6743 2060
6744 1900
6745 1900
6746 2305
6747 1855
6748 2095
6749 1825
6750 2060
6751 2030
6752 1970
6753 1910
6754 1945
6755 1843
6756 2040
6757 2085
6758 1970
6759 1945
6760 1938
6761 2098
6762 2150
6763 1948
6764 2070
6765 2058
6766 1995
6767 2060
6768 1840
6769 1928
6770 2035
6771 2155
6772 1808
6773 2028
6774 1925
6775 1980
6776 2088
6777 2028
6778 1820
6779 1980
6780 2120
6781 1860
6782 2005
6783 2095
6784 1868
6785 2128
6786 1933
6787 2020
6788 2225
6789 2350
6790 2150
6791 2075
6792 1948
6793 1995
6794 1840
6795 2118
6796 2080
6797 1875
6798 2263
6799 1883
6800 1868
6801 1840
6802 2028
6803 2108
6804 2260
6805 2078
6806 1850
6807 1955
6808 2018
6809 1833
6810 1930
6811 2065
6812 1845
6813 2130
6814 1945
6815 1818
6816 1943
6817 2223
6818 2158
6819 2053
6820 2130
6821 2160
6822 1898
6823 1880
6824 2263
6825 1975
6826 2170
6827 2065
6828 1980
6829 1940
6830 2045
6831 2048
6832 1925
6833 1790
6834 1890
6835 1983
6836 2253
6837 2003
6838 1868
6839 2030
6840 1880
6841 2015
6842 1895
6843 2083
6844 2053
6845 1838
6846 1828
6847 2355
6848 2040
6849 1993
6850 1818
6851 1968
6852 2060
6853 1915
6854 2030
6855 2040
6856 1895
6857 2013
6858 2118
6859 2088
6860 2033
6861 2108
6862 2050
6863 2150
6864 2070
6865 2043
6866 2080
6867 1905
6868 2113
6869 2163
6870 2208
6871 1970
6872 2033
6873 2038
6874 1915
6875 2303
6876 1988
6877 1975
6878 1870
6879 2048
6880 1940
6881 2200
6882 1945
6883 1870
6884 2178
6885 2018
6886 2180
6887 2163
6888 2068
6889 2115
6890 2200
6891 2055
6892 1865
6893 1908
6894 2078
6895 2270
6896 2220
6897 2365
6898 2013
6899 2028
6900 2013
6901 1840
6902 1885
6903 2048
6904 2133
6905 1785
6906 1925
6907 2033
6908 2110
6909 1853
6910 1823
6911 2205
6912 1908
6913 1813
6914 1950
6915 1880
6916 1943
6917 1928
6918 2393
6919 1960
6920 2105
6921 2340
6922 2055
6923 1908
6924 1905
6925 1853
6926 1903
6927 1970
6928 2108
6929 1938
6930 2140
6931 2108
6932 1855
6933 2010
6934 2188
6935 2043
6936 1925
6937 2218
6938 2200
6939 2158
6940 2165
6941 2235
6942 1970
6943 2038
6944 1973
6945 1875
6946 1923
6947 1868
6948 2235
6949 2130
6950 1805
6951 1825
6952 1978
6953 2130
6954 1993
6955 2150
6956 1850
6957 2153
6958 2128
6959 2070
6960 1940
6961 2040
6962 2008
6963 1943
6964 2183
6965 1928
6966 2000
6967 1923
6968 1878
6969 1848
6970 1893
6971 2195
6972 1918
6973 1895
6974 2018
6975 1800
6976 1895
6977 2040
6978 1965
6979 1918
6980 1960
6981 2165
6982 1975
6983 1893
6984 1943
6985 2245
6986 2265
6987 1945
6988 1910
6989 2030
6990 1923
6991 2148
6992 1908
6993 1940
6994 2050
6995 1928
6996 2123
6997 1910
6998 1840
6999 1903
7000 1845
7001 1905
7002 1945
7003 1903
7004 1898
7005 2043
7006 1943
7007 1893
7008 2008
7009 1990
7010 2113
7011 1890
7012 1998
7013 1913
7014 1943
7015 2150
7016 1953
7017 2038
7018 2108
7019 2068
7020 2218
7021 2045
7022 2113
7023 1798
7024 2085
7025 2040
7026 2118
7027 1950
7028 2090
7029 2130
7030 2310
7031 1965
7032 1960
7033 2180
7034 1980
7035 1748
7036 2205
7037 1898
7038 1865
7039 2408
7040 1975
7041 2335
7042 1945
7043 1855
7044 2090
7045 2088
7046 1923
7047 2008
7048 1948
7049 1928
7050 2010
7051 1870
7052 1945
7053 2055
7054 1980
7055 1923
7056 2115
7057 1963
7058 1930
7059 2095
7060 2038
7061 1983
7062 1903
7063 1940
7064 2250
7065 2105
7066 2073
7067 1975
7068 2113
7069 1828
7070 1880
7071 2198
7072 1770
7073 2298
7074 2035
7075 1995
7076 1890
7077 2005
7078 1930
7079 1933
7080 1945
7081 1915
7082 2055
7083 2005
7084 2100
7085 2133
7086 1865
7087 1973
7088 1920
7089 2223
7090 2000
7091 1875
7092 2015
7093 1980
7094 2323
7095 1805
7096 1835
7097 1878
7098 1835
7099 2070
7100 1898
7101 1783
7102 1895
7103 1988
7104 2245
7105 1895
7106 2010
7107 2343
7108 1933
7109 1855
7110 1880
7111 1980
7112 1913
7113 2083
7114 1820
7115 2345
7116 1870
7117 1868
7118 2070
7119 1875
7120 2055
7121 1888
7122 2375
7123 1968
7124 1915
7125 1913
7126 1835
7127 1888
7128 1933
7129 1928
7130 2170
7131 1970
7132 1828
7133 2140
7134 2328
7135 1893
7136 1925
7137 1948
7138 1880
7139 1925
7140 1898
7141 1963
7142 1870
7143 2023
7144 1843
7145 1845
7146 1880
7147 2118
7148 2213
7149 2138
7150 2018
7151 1980
7152 1800
7153 1920
7154 2093
7155 1920
7156 2078
7157 2118
7158 2085
7159 1980
7160 1940
7161 2125
7162 1843
7163 1890
7164 1833
7165 1835
7166 2105
7167 1973
7168 2133
7169 1998
7170 1920
7171 2018
7172 1995
7173 2090
7174 2213
7175 1915
7176 1963
7177 1955
7178 1893
7179 2043
7180 2083
7181 2045
7182 1830
7183 2013
7184 2130
7185 2165
7186 1850
7187 1943
7188 1930
7189 1905
7190 2193
7191 1903
7192 1818
7193 2005
7194 2103
7195 2168
7196 2063
7197 1953
7198 1885
7199 1890
7200 1933
7201 2083
7202 2078
7203 1930
7204 2015
7205 1870
7206 1930
7207 2020
7208 1938
7209 2015
7210 2205
7211 2225
7212 2158
7213 1950
7214 2075
7215 2240
7216 2100
7217 2158
7218 2063
7219 2130
7220 1810
7221 2375
7222 1923
7223 1840
7224 2208
7225 2023
7226 2190
7227 2013
7228 1755
7229 2090
7230 1953
7231 2020
7232 2033
7233 1965
7234 2183
7235 1823
7236 2165
7237 2133
7238 2138
7239 1940
7240 1830
7241 2323
7242 2005
7243 2120
7244 2110
7245 1853
7246 1978
7247 1978
7248 1890
7249 2100
7250 2125
7251 2143
7252 1973
7253 1913
7254 1950
7255 2223
7256 1910
7257 1828
7258 2188
7259 1980
7260 1933
7261 1770
7262 1963
7263 1920
7264 1970
7265 1980
7266 1895
7267 1940
7268 2080
7269 1848
7270 1873
7271 1853
7272 1918
7273 2050
7274 2035
7275 2048
7276 1888
7277 2010
7278 2080
7279 2003
7280 2385
7281 2128
7282 2020
7283 2130
7284 1843
7285 1955
7286 1825
7287 1835
7288 2140
7289 2023
7290 2080
7291 2005
7292 2170
7293 1913
7294 2018
7295 2180
7296 1980
7297 2110
7298 1903
7299 1895
7300 1920
7301 2023
7302 1980
7303 1918
7304 1925
7305 1985
7306 2115
7307 1920
7308 2048
7309 2603
7310 1880
7311 2058
7312 2023
7313 2365
7314 1913
7315 1960
7316 2118
7317 1858
7318 1893
7319 1993
7320 2363
7321 1938
7322 2140
7323 1933
7324 2145
7325 1908
7326 2023
7327 2033
7328 2063
7329 1755
7330 2098
7331 2098
7332 1913
7333 1810
7334 2075
7335 1833
7336 1908
7337 2028
7338 2040
7339 1988
7340 1923
7341 2298
7342 2105
7343 1855
7344 1945
7345 2128
7346 1870
7347 1895
7348 2078
7349 2048
7350 1913
7351 1933
7352 1823
7353 2118
7354 1783
7355 2395
7356 1863
7357 2050
7358 1893
7359 2103
7360 1935
7361 1955
7362 1868
7363 1965
7364 1993
7365 2058
7366 1830
7367 1875
7368 1783
7369 2045
7370 1893
7371 2028
7372 1978
7373 1870
7374 1998
7375 2013
7376 2068
7377 1938
7378 2095
7379 1893
7380 1960
7381 1930
7382 2018
7383 1913
7384 1973
7385 2118
7386 2058
7387 1810
7388 2115
7389 1925
7390 1973
7391 1930
7392 1988
7393 1988
7394 1933
7395 1980
7396 1858
7397 2208
7398 2040
7399 2010
7400 2035
7401 2103
7402 1963
7403 2205
7404 2173
7405 1883
7406 2040
7407 2030
7408 1815
7409 2028
7410 1948
7411 2110
7412 1908
7413 2083
7414 1960
7415 2160
7416 2138
7417 2065
7418 1990
7419 2048
7420 2075
7421 2138
7422 1963
7423 1970
7424 2100
7425 1833
7426 2178
7427 1798
7428 1933
7429 2178
7430 1870
7431 1938
7432 2060
7433 2163
7434 2038
7435 2230
7436 1955
7437 1940
7438 1875
7439 2118
7440 2078
7441 2218
7442 1895
7443 1820
7444 1863
7445 2293
7446 2005
7447 2318
7448 2335
7449 2053
7450 1895
7451 2113
7452 1873
7453 1978
7454 1968
7455 2255
7456 1823
7457 1853
7458 1843
7459 1975
7460 1805
7461 2013
7462 2145
7463 2095
7464 1925
7465 2105
7466 1920
7467 2228
7468 1790
7469 1805
7470 1935
7471 1948
7472 2200
7473 2073
7474 2000
7475 2120
7476 2253
7477 1933
7478 2190
7479 1865
7480 1818
7481 1768
7482 2025
7483 2180
7484 1938
7485 2128
7486 1998
7487 1933
7488 1978
7489 1915
7490 2123
7491 2030
7492 2000
7493 2178
7494 1980
7495 1968
7496 1985
7497 1833
7498 2085
7499 1815
7500 1820
7501 2000
7502 1828
7503 2205
7504 1873
7505 2085
7506 1795
7507 1940
7508 1965
7509 1960
7510 1955
7511 1935
7512 1943
7513 1993
7514 1753
7515 2228
7516 2035
7517 1923
7518 1940
7519 1858
7520 2080
7521 2005
7522 1880
7523 1908
7524 2185
7525 1980
7526 1865
7527 1790
7528 1825
7529 1903
7530 1928
7531 1745
7532 2050
7533 1933
7534 2063
7535 2255
7536 1928
7537 1810
7538 2073
7539 1910
7540 2030
7541 2053
7542 2188
7543 2238
7544 2038
7545 1885
7546 2095
7547 1888
7548 2003
7549 1993
7550 1823
7551 1998
7552 2118
7553 2365
7554 2093
7555 2050
7556 1888
7557 1910
7558 2000
7559 1865
7560 2000
7561 1905
7562 1975
7563 1893
7564 2133
7565 1983
7566 2068
7567 2148
7568 1958
7569 2120
7570 2293
7571 1993
7572 1990
7573 2090
7574 2158
7575 2045
7576 1843
7577 2020
7578 2138
7579 1890
7580 2090
7581 1885
7582 2430
7583 1955
7584 1990
7585 2128
7586 1990
7587 2038
7588 1918
7589 1905
7590 2033
7591 2175
7592 1880
7593 2058
7594 2125
7595 2095
7596 1943
7597 2138
7598 1990
7599 2038
7600 1810
7601 2135
7602 1950
7603 1860
7604 2023
7605 2025
7606 2120
7607 2023
7608 1910
7609 1900
7610 1870
7611 1908
7612 1955
7613 1795
7614 1950
7615 1973
7616 1908
7617 1863
7618 1853
7619 1940
7620 2035
7621 1943
7622 1925
7623 1858
7624 2005
7625 1983
7626 2105
7627 2065
7628 2078
7629 2245
7630 2205
7631 1910
7632 2098
7633 2068
7634 1843
7635 1890
7636 1860
7637 1960
7638 1955
7639 2068
7640 1978
7641 2070
7642 1900
7643 2313
7644 1860
7645 2010
7646 1938
7647 1893
7648 2073
7649 2183
7650 2240
7651 1865
7652 1970
7653 2060
7654 2220
7655 2140
7656 1875
7657 1958
7658 1990
7659 1860
7660 2018
7661 1935
7662 1895
7663 1995
7664 2045
7665 1955
7666 1840
7667 2170
7668 2000
7669 2165
7670 1955
7671 2053
7672 1958
7673 2105
7674 1935
7675 2130
7676 1848
7677 2175
7678 1928
7679 2005
7680 1998
7681 1903
7682 2063
7683 2120
7684 1898
7685 2018
7686 2353
7687 1865
7688 2053
7689 1993
7690 2063
7691 1960
7692 1830
7693 1958
7694 2178
7695 2100
7696 1993
7697 1880
7698 2085
7699 2115
7700 1850
7701 2183
7702 2028
7703 2100
7704 2253
7705 1910
7706 1875
7707 1988
7708 2130
7709 2030
7710 2083
7711 2033
7712 2170
7713 2020
7714 1840
7715 1983
7716 1828
7717 1915
7718 2335
7719 2140
7720 1900
7721 2023
7722 1965
7723 1925
7724 2035
7725 1958
7726 2055
7727 1825
7728 1955
7729 1760
7730 2185
7731 2108
7732 1850
7733 1833
7734 1968
7735 1833
7736 1985
7737 1918
7738 1943
7739 1920
7740 2060
7741 1875
7742 1900
7743 1925
7744 2030
7745 1890
7746 2383
7747 1905
7748 2110
7749 1930
7750 1888
7751 2188
7752 1835
7753 1953
7754 2085
7755 1838
7756 1955
7757 1830
7758 2115
7759 1923
7760 2190
7761 1990
7762 1943
7763 1935
7764 1915
7765 2078
7766 1980
7767 1863
7768 1973
7769 1910
7770 1955
7771 2145
7772 1985
7773 2050
7774 2215
7775 2083
7776 1975
7777 1908
7778 1920
7779 1890
7780 2180
7781 1818
7782 2473
7783 1995
7784 2323
7785 1918
7786 2085
7787 2040
7788 2040
7789 2155
7790 1833
7791 1865
7792 2075
7793 2393
7794 2283
7795 1945
7796 1790
7797 1998
7798 1818
7799 2038
7800 2098
7801 2090
7802 1955
7803 2053
7804 2120
7805 2238
7806 1855
7807 1935
7808 2033
7809 2090
7810 1860
7811 2070
7812 1980
7813 1928
7814 1985
7815 1848
7816 1928
7817 2048
7818 1990
7819 2103
7820 2035
7821 2000
7822 1885
7823 2140
7824 1938
7825 1945
7826 2008
7827 1910
7828 1880
7829 1918
7830 2043
7831 2125
7832 1928
7833 1895
7834 2055
7835 1845
7836 1970
7837 1938
7838 1865
7839 2020
7840 1798
7841 1998
7842 1950
7843 1913
7844 2165
7845 1938
7846 1998
7847 1800
7848 1878
7849 2000
7850 1850
7851 1913
7852 1978
7853 2103
7854 1840
7855 1900
7856 1845
7857 2035
7858 2060
7859 2018
7860 1920
7861 1870
7862 2153
7863 1923
7864 1975
7865 2010
7866 2028
7867 2005
7868 2108
7869 2070
7870 1898
7871 1948
7872 1750
7873 2070
7874 1845
7875 2165
7876 2140
7877 2008
7878 1840
7879 2100
7880 1875
7881 1935
7882 1773
7883 2208
7884 1935
7885 2275
7886 1993
7887 1895
7888 1870
7889 2045
7890 1905
7891 1863
7892 1848
7893 1940
7894 1950
7895 2175
7896 1925
7897 2058
7898 1930
7899 2048
7900 1965
7901 1770
7902 1945
7903 2223
7904 2085
7905 1995
7906 1745
7907 2213
7908 1920
7909 2048
7910 1925
7911 2220
7912 2020
7913 1825
7914 2165
7915 1795
7916 2075
7917 2303
7918 1870
7919 2033
7920 2258
7921 1835
7922 2338
7923 2050
7924 2003
7925 2003
7926 1875
7927 2128
7928 2225
7929 1915
7930 2095
7931 2185
7932 1958
7933 1898
7934 1953
7935 1975
7936 1810
7937 2170
7938 1970
7939 1905
7940 2105
7941 2140
7942 2205
7943 1940
7944 2005
7945 2123
7946 2043
7947 2005
7948 2118
7949 1918
7950 2185
7951 2168
7952 2290
7953 1925
7954 1918
7955 1765
7956 1955
7957 1840
7958 1883
7959 2208
7960 2255
7961 1945
7962 1968
7963 1883
7964 2040
7965 1938
7966 2038
7967 1885
7968 1908
7969 1930
7970 2068
7971 2288
7972 1765
7973 1875
7974 1995
7975 2003
7976 2075
7977 2093
7978 2078
7979 1930
7980 2023
7981 2065
7982 1893
7983 1955
7984 1870
7985 2023
7986 1785
7987 2050
7988 1913
7989 2098
7990 1990
7991 1870
7992 2068
7993 1868
7994 2325
7995 2048
7996 1873
7997 2130
7998 1838
7999 1930
8000 1978
8001 2200
8002 1930
8003 2113
8004 1788
8005 2028
8006 1905
8007 1773
8008 2085
8009 1945
8010 1915
8011 2068
8012 1875
8013 2098
8014 1948
8015 2075
8016 2030
8017 2150
8018 1988
8019 2223
8020 1925
8021 2038
8022 2185
8023 2048
8024 1898
8025 1835
8026 1810
8027 1820
8028 1863
8029 2270
8030 2093
8031 1925
8032 2105
8033 1885
8034 1890
8035 1938
8036 2180
8037 1790
8038 1865
8039 1900
8040 1923
8041 1955
8042 2038
8043 1793
8044 1970
8045 2253
8046 2030
8047 2165
8048 2050
8049 1813
8050 1995
8051 2125
8052 1860
8053 2043
8054 2393
8055 1983
8056 2320
8057 1948
8058 2070
8059 1960
8060 1895
8061 2040
8062 2140
8063 1910
8064 2095
8065 1995
8066 2103
8067 1988
8068 1990
8069 1990
8070 2068
8071 2203
8072 1900
8073 1975
8074 1980
8075 2145
8076 1943
8077 1920
8078 1980
8079 2003
8080 2300
8081 2030
8082 2003
8083 1933
8084 1960
8085 1833
8086 2010
8087 1888
8088 1825
8089 2130
8090 2120
8091 2075
8092 1843
8093 2060
8094 1895
8095 2078
8096 1898
8097 2130
8098 1978
8099 2150
8100 1810
8101 2245
8102 1868
8103 1883
8104 2115
8105 1855
8106 2005
8107 1825
8108 1945
8109 2030
8110 2178
8111 1878
8112 1873
8113 1898
8114 2253
8115 2130
8116 2120
8117 2038
8118 1845
8119 1815
8120 2153
8121 1963
8122 1978
8123 2045
8124 2093
8125 1865
8126 2045
8127 2113
8128 2213
8129 1840
8130 1910
8131 1913
8132 2585
8133 1988
8134 2058
8135 1905
8136 1948
8137 2008
8138 1908
8139 2053
8140 1990
8141 2043
8142 1840
8143 2078
8144 1795
8145 1858
8146 1958
8147 1943
8148 2115
8149 2000
8150 1905
8151 2053
8152 1983
8153 2018
8154 1983
8155 2080
8156 1885
8157 2113
8158 1878
8159 1933
8160 1880
8161 1958
8162 1955
8163 2215
8164 2110
8165 1908
8166 1983
8167 1925
8168 1953
8169 1993
8170 1755
8171 1978
8172 1988
8173 2078
8174 1845
8175 1918
8176 2098
8177 2035
8178 1888
8179 1990
8180 2215
8181 1763
8182 2065
8183 2075
8184 2005
8185 2090
8186 1888
8187 1925
8188 1890
8189 1985
8190 1980
8191 2185
8192 2068
8193 1955
8194 1915
8195 2158
8196 2003
8197 2043
8198 2035
8199 2075
8200 1868
8201 2030
8202 1865
8203 1878
8204 1973
8205 1845
8206 1870
8207 2040
8208 2135
8209 1970
8210 2038
8211 2008
8212 2053
8213 2098
8214 1845
8215 2040
8216 1798
8217 1965
8218 2138
8219 1988
8220 1965
8221 1840
8222 2270
8223 1875
8224 1980
8225 2030
8226 1840
8227 2030
8228 2265
8229 1850
8230 2048
8231 2123
8232 2073
8233 1953
8234 1878
8235 2085
8236 2033
8237 2010
8238 2015
8239 2103
8240 1900
8241 2103
8242 1820
8243 1960
8244 2063
8245 1730
8246 2170
8247 2323
8248 2045
8249 2140
8250 1895
8251 1998
8252 1815
8253 1908
8254 1923
8255 2203
8256 2160
8257 2035
8258 2028
8259 2260
8260 1855
8261 2015
8262 1813
8263 2190
8264 1970
8265 2085
8266 2153
8267 2103
8268 1873
8269 1948
8270 2090
8271 1895
8272 1853
8273 1980
8274 2038
8275 1818
8276 2003
8277 1868
8278 1903
8279 2035
8280 2063
8281 1990
8282 1928
8283 1828
8284 2013
8285 1835
8286 2000
8287 2050
8288 1935
8289 2000
8290 2070
8291 1908
8292 2065
8293 2108
8294 2200
8295 2325
8296 1763
8297 2193
8298 1870
8299 2168
8300 2093
8301 2025
8302 2055
8303 1960
8304 1890
8305 2175
8306 1963
8307 1990
8308 2013
8309 1883
8310 2240
8311 1823
8312 1878
8313 1935
8314 1835
8315 2033
8316 1885
8317 1948
8318 1798
8319 2120
8320 2035
8321 2020
8322 1895
8323 2183
8324 2073
8325 2060
8326 2105
8327 1885
8328 2080
8329 1998
8330 2183
8331 1975
8332 2165
8333 2010
8334 1873
8335 1975
8336 2265
8337 2130
8338 2055
8339 1800
8340 2120
8341 2175
8342 2190
8343 1930
8344 1958
8345 1795
8346 1983
8347 1990
8348 1855
8349 1880
8350 1883
8351 2185
8352 2058
8353 1933
8354 1880
8355 2013
8356 1903
8357 1975
8358 2238
8359 1790
8360 1950
8361 1915
8362 1870
8363 1880
8364 2250
8365 1985
8366 1993
8367 1995
8368 1855
8369 1833
8370 1903
8371 1925
8372 1908
8373 1955
8374 1863
8375 1993
8376 2180
8377 1950
8378 1915
8379 1803
8380 1908
8381 1945
8382 1883
8383 1863
8384 1970
8385 1855
8386 2005
8387 2015
8388 1845
8389 1905
8390 2040
8391 2055
8392 1915
8393 2145
8394 2198
8395 2030
8396 1960
8397 2245
8398 1815
8399 2043
8400 2050
8401 1898
8402 2050
8403 1818
8404 1820
8405 1898
8406 2153
8407 2348
8408 2035
8409 1950
8410 1915
8411 2145
8412 2230
8413 1935
8414 1825
8415 1945
8416 1930
8417 1955
8418 1870
8419 1895
8420 2030
8421 1968
8422 2070
8423 2075
8424 2223
8425 1968
8426 2193
8427 2205
8428 1960
8429 2115
8430 1945
8431 1873
8432 2100
8433 1870
8434 1815
8435 2058
8436 2020
8437 1940
8438 1945
8439 1983
8440 1943
8441 2240
8442 2160
8443 1930
8444 1775
8445 1938
8446 1940
8447 2015
8448 1845
8449 1910
8450 1913
8451 1815
8452 2100
8453 2000
8454 1985
8455 2038
8456 1890
8457 1943
8458 1965
8459 1928
8460 2005
8461 2098
8462 2065
8463 2035
8464 1928
8465 1900
8466 1920
8467 2095
8468 1990
8469 2243
8470 1860
8471 1853
8472 1833
8473 1945
8474 1995
8475 2220
8476 1973
8477 1748
8478 1923
8479 2010
8480 1885
8481 2165
8482 2038
8483 1820
8484 2100
8485 2180
8486 2020
8487 1743
8488 2140
8489 2030
8490 1990
8491 1893
8492 2013
8493 2010
8494 1910
8495 1928
8496 1905
8497 2003
8498 1918
8499 2000
8500 1940
8501 2005
8502 2165
8503 1980
8504 2140
8505 2070
8506 2115
8507 1905
8508 1950
8509 2235
8510 2153
8511 1973
8512 2145
8513 2198
8514 2055
8515 1903
8516 2238
8517 2155
8518 2068
8519 1895
8520 1800
8521 2205
8522 1933
8523 1950
8524 1948
8525 1855
8526 1865
8527 2013
8528 2128
8529 1918
8530 1993
8531 2265
8532 1905
8533 1878
8534 2203
8535 2168
8536 1990
8537 2200
8538 1965
8539 1928
8540 1978
8541 2208
8542 1960
8543 2128
8544 2038
8545 2040
8546 1790
8547 2028
8548 1988
8549 2025
8550 2010
8551 1953
8552 1970
8553 1853
8554 2215
8555 1920
8556 2275
8557 2078
8558 2115
8559 2250
8560 1900
8561 1978
8562 1875
8563 2005
8564 1985
8565 2103
8566 1945
8567 1895
8568 1920
8569 2135
8570 2300
8571 2223
8572 1920
8573 2050
8574 1923
8575 1958
8576 1968
8577 2150
8578 1803
8579 2230
8580 2053
8581 2090
8582 2165
8583 2348
8584 2170
8585 2023
8586 2315
8587 2015
8588 2190
8589 1905
8590 1833
8591 2085
8592 1875
8593 2180
8594 1810
8595 2173
8596 1913
8597 1875
8598 2185
8599 2320
8600 1983
8601 1878
8602 1993
8603 2093
8604 2168
8605 1878
8606 2120
8607 2285
8608 1945
8609 2040
8610 2018
8611 2425
8612 2070
8613 2280
8614 2125
8615 2145
8616 1890
8617 1968
8618 1825
8619 2070
8620 1825
8621 1895
8622 2163
8623 1950
8624 2030
8625 2270
8626 2240
8627 2055
8628 2130
8629 1973
8630 2330
8631 2035
8632 1995
8633 2163
8634 2178
8635 2000
8636 1805
8637 1815
8638 2180
8639 1803
8640 2000
8641 1773
8642 2165
8643 2218
8644 1890
8645 2035
8646 1873
8647 2033
8648 1788
8649 2100
8650 1843
8651 2180
8652 2465
8653 1960
8654 1958
8655 1938
8656 2013
8657 1810
8658 2095
8659 2013
8660 2055
8661 1853
8662 2063
8663 1870
8664 2063
8665 1853
8666 2048
8667 2388
8668 1848
8669 1895
8670 1933
8671 1993
8672 2005
8673 1995
8674 1948
8675 2105
8676 2003
8677 1945
8678 1875
8679 1990
8680 2178
8681 2085
8682 1930
8683 1943
8684 2198
8685 2070
8686 2050
8687 1960
8688 1750
8689 1960
8690 2120
8691 1995
8692 2043
8693 1910
8694 2018
8695 1978
8696 2010
8697 2020
8698 1930
8699 1890
8700 1985
8701 1940
8702 2095
8703 1995
8704 1833
8705 1960
8706 2323
8707 1980
8708 2113
8709 2018
8710 2035
8711 2115
8712 2023
8713 2213
8714 1923
8715 1940
8716 1975
8717 2160
8718 1850
8719 1808
8720 2213
8721 2020
8722 1933
8723 1803
8724 1815
8725 2010
8726 1840
8727 1993
8728 1905
8729 2050
8730 1870
8731 2040
8732 2188
8733 2280
8734 1900
8735 1975
8736 2060
8737 2138
8738 1763
8739 1815
8740 2160
8741 2118
8742 2100
8743 2165
8744 2368
8745 2038
8746 2368
8747 2125
8748 2290
8749 2050
8750 2023
8751 1798
8752 2040
8753 2048
8754 2050
8755 1938
8756 2175
8757 2255
8758 2150
8759 2145
8760 1973
8761 1893
8762 2008
8763 2398
8764 2130
8765 2148
8766 1938
8767 1915
8768 1863
8769 1903
8770 1998
8771 1945
8772 2070
8773 2118
8774 2030
8775 1923
8776 1828
8777 2245
8778 1768
8779 1853
8780 2013
8781 2258
8782 2075
8783 2000
8784 1910
8785 2138
8786 1985
8787 1885
8788 2003
8789 1868
8790 2113
8791 1985
8792 2460
8793 1790
8794 2013
8795 2040
8796 1853
8797 1908
8798 2120
8799 1923
8800 1893
8801 1735
8802 2133
8803 2020
8804 2443
8805 1980
8806 2323
8807 1975
8808 2295
8809 1985
8810 1855
8811 2010
8812 2108
8813 1983
8814 2025
8815 1965
8816 2055
8817 2130
8818 2085
8819 2060
8820 1893
8821 2193
8822 2008
8823 2173
8824 1913
8825 2300
8826 2015
8827 2208
8828 2065
8829 2055
8830 1898
8831 1923
8832 2155
8833 1925
8834 1950
8835 1788
8836 1873
8837 1838
8838 1805
8839 2088
8840 2030
8841 1945
8842 1978
8843 2053
8844 2150
8845 1923
8846 2045
8847 1875
8848 1890
8849 2320
8850 1898
8851 1998
8852 2088
8853 1998
8854 2013
8855 2165
8856 2018
8857 2138
8858 1800
8859 1878
8860 2115
8861 1865
8862 1955
8863 2025
8864 1933
8865 1875
8866 2190
8867 2035
8868 2175
8869 1895
8870 1823
8871 2035
8872 1870
8873 1925
8874 2003
8875 2068
8876 2013
8877 2043
8878 2150
8879 2033
8880 2420
8881 1858
8882 1883
8883 2008
8884 1995
8885 1858
8886 1975
8887 1953
8888 2093
8889 1763
8890 1968
8891 2068
8892 2010
8893 1935
8894 2048
8895 2240
8896 1958
8897 1880
8898 1870
8899 1888
8900 2048
8901 1990
8902 2103
8903 1830
8904 1915
8905 2065
8906 1918
8907 1980
8908 1823
8909 2050
8910 2345
8911 2143
8912 2128
8913 2030
8914 1880
8915 2205
8916 1853
8917 2023
8918 2020
8919 1943
8920 1985
8921 1913
8922 2073
8923 1940
8924 2073
8925 1915
8926 2065
8927 2070
8928 1943
8929 1788
8930 1910
8931 1955
8932 2020
8933 1925
8934 2220
8935 1838
8936 1880
8937 1918
8938 1973
8939 2008
8940 2058
8941 1875
8942 1875
8943 1898
8944 2195
8945 2165
8946 2573
8947 2055
8948 1960
8949 1855
8950 2170
8951 1970
8952 1930
8953 1918
8954 2125
8955 1845
8956 1910
8957 1908
8958 1875
8959 1838
8960 1973
8961 1825
8962 1890
8963 2123
8964 1980
8965 2000
8966 1870
8967 1928
8968 1988
8969 2090
8970 2045
8971 1985
8972 1973
8973 1963
8974 1993
8975 1965
8976 1968
8977 2018
8978 2140
8979 2200
8980 1993
8981 1928
8982 1965
8983 1963
8984 2165
8985 2133
8986 2000
8987 2185
8988 2000
8989 1900
8990 1960
8991 1895
8992 1780
8993 1845
8994 1943
8995 2010
8996 1748
8997 2145
8998 1995
8999 1945
9000 2003
9001 2010
9002 1995
9003 1858
9004 1928
9005 1865
9006 2170
9007 2115
9008 2108
9009 1965
9010 1948
9011 1985
9012 2125
9013 1875
9014 1855
9015 1883
9016 2085
9017 1995
9018 2048
9019 1950
9020 1800
9021 2228
9022 2135
9023 2113
9024 1895
9025 2175
9026 2035
9027 2103
9028 2035
9029 1983
9030 2008
9031 2230
9032 1950
9033 1868
9034 1955
9035 1945
9036 1903
9037 2035
9038 2090
9039 1893
9040 1905
9041 2033
9042 2028
9043 1855
9044 2153
9045 1963
9046 2015
9047 1938
9048 2105
9049 2115
9050 1965
9051 2073
9052 2255
9053 2145
9054 2058
9055 1918
9056 2135
9057 2170
9058 1970
9059 1945
9060 1980
9061 2048
9062 2078
9063 1958
9064 2038
9065 2015
9066 2158
9067 1870
9068 1848
9069 1870
9070 2180
9071 1923
9072 1998
9073 1885
9074 1910
9075 1973
9076 2518
9077 1860
9078 1768
9079 1898
9080 1908
9081 2230
9082 2145
9083 1850
9084 1960
9085 1993
9086 1980
9087 1755
9088 1998
9089 1750
9090 2245
9091 1970
9092 2070
9093 1945
9094 2098
9095 2080
9096 1945
9097 2065
9098 1878
9099 1995
9100 2170
9101 2155
9102 1893
9103 1860
9104 1945
9105 1828
9106 1963
9107 1838
9108 1960
9109 2078
9110 1880
9111 2255
9112 1915
9113 1980
9114 2080
9115 1805
9116 2083
9117 2058
9118 1848
9119 1908
9120 1870
9121 1948
9122 2073
9123 2055
9124 1885
9125 2005
9126 1845
9127 1905
9128 1983
9129 1990
9130 2335
9131 2045
9132 1845
9133 2208
9134 2073
9135 2058
9136 1820
9137 1803
9138 1895
9139 2103
9140 2000
9141 2005
9142 1820
9143 1915
9144 1860
9145 2138
9146 2115
9147 1925
9148 1850
9149 2025
9150 1820
9151 1985
9152 2068
9153 2473
9154 1985
9155 1918
9156 2040
9157 1865
9158 1795
9159 2213
9160 1930
9161 1770
9162 2058
9163 1790
9164 2078
9165 2153
9166 2130
9167 1725
9168 1970
9169 1950
9170 2088
9171 2320
9172 2063
9173 1790
9174 2153
9175 2088
9176 2003
9177 1898
9178 1888
9179 2140
9180 1875
9181 2010
9182 1915
9183 2248
9184 1893
9185 1835
9186 2128
9187 1870
9188 1810
9189 1913
9190 1918
9191 2205
9192 2175
9193 1890
9194 1943
9195 1955
9196 1878
9197 1843
9198 2080
9199 1820
9200 1940
9201 1895
9202 2080
9203 1930
9204 1953
9205 2178
9206 1878
9207 1903
9208 1995
9209 1898
9210 2013
9211 1948
9212 1893
9213 1885
9214 1940
9215 1865
9216 1910
9217 1783
9218 2033
9219 2090
9220 2050
9221 2198
9222 1790
9223 1860
9224 2140
9225 2045
9226 2258
9227 2003
9228 1993
9229 2110
9230 1928
9231 2265
9232 1898
9233 1940
9234 2048
9235 2040
9236 2118
9237 2085
9238 2010
9239 1990
9240 2190
9241 2230
9242 1970
9243 1975
9244 1925
9245 2193
9246 1848
9247 2145
9248 2033
9249 1968
9250 2243
9251 1845
9252 2010
9253 2058
9254 2030
9255 1773
9256 1935
9257 1893
9258 1908
9259 1965
9260 1823
9261 1840
9262 2028
9263 2080
9264 2013
9265 2195
9266 1938
9267 2163
9268 2110
9269 1863
9270 2170
9271 2010
9272 2110
9273 1965
9274 2275
9275 1975
9276 1965
9277 1920
9278 1903
9279 2088
9280 2150
9281 1998
9282 2090
9283 1963
9284 1868
9285 1918
9286 1913
9287 1938
9288 1860
9289 2058
9290 1818
9291 1923
9292 2095
9293 2555
9294 1980
9295 2020
9296 1995
9297 2160
9298 2100
9299 2215
9300 1825
9301 1885
9302 2240
9303 1965
9304 1965
9305 1988
9306 2065
9307 2000
9308 1980
9309 1893
9310 2043
9311 1955
9312 2023
9313 1948
9314 2018
9315 1883
9316 2068
9317 1998
9318 2095
9319 1780
9320 2473
9321 1978
9322 2045
9323 1980
9324 1970
9325 2075
9326 2025
9327 2090
9328 2025
9329 2110
9330 1990
9331 1925
9332 1960
9333 1793
9334 2225
9335 2203
9336 2033
9337 2080
9338 1893
9339 1870
9340 1850
9341 1960
9342 2210
9343 2040
9344 2105
9345 2030
9346 2465
9347 1845
9348 1948
9349 2013
9350 2038
9351 2168
9352 1805
9353 2010
9354 2088
9355 2123
9356 1930
9357 1828
9358 1978
9359 2068
9360 1858
9361 1898
9362 2038
9363 2000
9364 2015
9365 2043
9366 2228
9367 2105
9368 2113
9369 2015
9370 1838
9371 2025
9372 2030
9373 1940
9374 1918
9375 1793
9376 1933
9377 1823
9378 1850
9379 1948
9380 1993
9381 1995
9382 2145
9383 2105
9384 2073
9385 1825
9386 1958
9387 2078
9388 2033
9389 2495
9390 1980
9391 1923
9392 1870
9393 1943
9394 2065
9395 1968
9396 1945
9397 1933
9398 1800
9399 2098
9400 1883
9401 1920
9402 2040
9403 2075
9404 1818
9405 2098
9406 1905
9407 2225
9408 1883
9409 1990
9410 1983
9411 1910
9412 1935
9413 2198
9414 2183
9415 2153
9416 1985
9417 2063
9418 1913
9419 2008
9420 1838
9421 1813
9422 2005
9423 2030
9424 1855
9425 2168
9426 2303
9427 1880
9428 2075
9429 1845
9430 2075
9431 2030
9432 1920
9433 1830
9434 2178
9435 2250
9436 2078
9437 1960
9438 2090
9439 2000
9440 2000
9441 2338
9442 2033
9443 1945
9444 1900
9445 2075
9446 2105
9447 1900
9448 1938
9449 2050
9450 1930
9451 2083
9452 2088
9453 1933
9454 2043
9455 1970
9456 2173
9457 1808
9458 1788
9459 1875
9460 2010
9461 2068
9462 2020
9463 2160
9464 2235
9465 2045
9466 2058
9467 2060
9468 1870
9469 2080
9470 1990
9471 2023
9472 1985
9473 2190
9474 1880
9475 2025
9476 1913
9477 2108
9478 2135
9479 2053
9480 2093
9481 2165
9482 1950
9483 2055
9484 2040
9485 1963
9486 1945
9487 2248
9488 2300
9489 1980
9490 1855
9491 1993
9492 2045
9493 1885
9494 1978
9495 1935
9496 1915
9497 2000
9498 2073
9499 1918
9500 2048
9501 1860
9502 1975
9503 1978
9504 1960
9505 2130
9506 2550
9507 1908
9508 2355
9509 2095
9510 1888
9511 1920
9512 1950
9513 2103
9514 2025
9515 1855
9516 2025
9517 1915
9518 1965
9519 1833
9520 2025
9521 2148
9522 1860
9523 2160
9524 1895
9525 2160
9526 1830
9527 2125
9528 1893
9529 1860
9530 1998
9531 1950
9532 2055
9533 1980
9534 1820
9535 1915
9536 2100
9537 2100
9538 1978
9539 1865
9540 2055
9541 1963
9542 1798
9543 1935
9544 1950
9545 2190
9546 1925
9547 2085
9548 2050
9549 1830
9550 1930
9551 1938
9552 1808
9553 1948
9554 1948
9555 1920
9556 2030
9557 1930
9558 1993
9559 1935
9560 1830
9561 1960
9562 2250
9563 1935
9564 1978
9565 1980
9566 2045
9567 2015
9568 1828
9569 1970
9570 2040
9571 1885
9572 2348
9573 1960
9574 1963
9575 2165
9576 1965
9577 2120
9578 1923
9579 2128
9580 2205
9581 1890
9582 1833
9583 2010
9584 2033
9585 2013
9586 1908
9587 1995
9588 1943
9589 1965
9590 2103
9591 2063
9592 2045
9593 1898
9594 1748
9595 2413
9596 1823
9597 1868
9598 2123
9599 2205
9600 2115
9601 2010
9602 1925
9603 2030
9604 1943
9605 2115
9606 2078
9607 1840
9608 1863
9609 1940
9610 1918
9611 2258
9612 1950
9613 2050
9614 2190
9615 2025
9616 2103
9617 2153
9618 1988
9619 1980
9620 2288
9621 2030
9622 1925
9623 1973
9624 2088
9625 1898
9626 1890
9627 2040
9628 1910
9629 2050
9630 1933
9631 1955
9632 1883
9633 2230
9634 2088
9635 2025
9636 1925
9637 2058
9638 2115
9639 2000
9640 2540
9641 1883
9642 1975
9643 2010
9644 1985
9645 2010
9646 1990
9647 2013
9648 1958
9649 2020
9650 1973
9651 2068
9652 2100
9653 1948
9654 1993
9655 2193
9656 1923
9657 1848
9658 2285
9659 1900
9660 1970
9661 1933
9662 2008
9663 1895
9664 1930
9665 1823
9666 1925
9667 1918
9668 2075
9669 1885
9670 2015
9671 1928
9672 2195
9673 2010
9674 1865
9675 1820
9676 2053
9677 1923
9678 2070
9679 1918
9680 2180
9681 1910
9682 1998
9683 1968
9684 1940
9685 1995
9686 2023
9687 1888
9688 1805
9689 2045
9690 2210
9691 1888
9692 1953
9693 2168
9694 2065
9695 2020
9696 1830
9697 2110
9698 1898
9699 1920
9700 1880
9701 2190
9702 2153
9703 1935
9704 1845
9705 1940
9706 1865
9707 2140
9708 1890
9709 1913
9710 2005
9711 1985
9712 1885
9713 2040
9714 1968
9715 1878
9716 2190
9717 1915
9718 1808
9719 2025
9720 2085
9721 2218
9722 1900
9723 1983
9724 1883
9725 2030
9726 2070
9727 2098
9728 1973
9729 2290
9730 2053
9731 1958
9732 2005
9733 1938
9734 2083
9735 1938
9736 2075
9737 2045
9738 2145
9739 2085
9740 2230
9741 1903
9742 1995
9743 1933
9744 2080
9745 1935
9746 2158
9747 1938
9748 1795
9749 2053
9750 1938
9751 2148
9752 1923
9753 2138
9754 2163
9755 1968
9756 1960
9757 2110
9758 1900
9759 1895
9760 2360
9761 1838
9762 1935
9763 2430
9764 2130
9765 1913
9766 1895
9767 2040
9768 2015
9769 2088
9770 1965
9771 1925
9772 1863
9773 1818
9774 1970
9775 1983
9776 2025
9777 2015
9778 2070
9779 2145
9780 1815
9781 1943
9782 1870
9783 1860
9784 1970
9785 2270
9786 2090
9787 1730
9788 2025
9789 2108
9790 1970
9791 2050
9792 1980
9793 2013
9794 1943
9795 1998
9796 2130
9797 2045
9798 1935
9799 1895
9800 1973
9801 2158
9802 2063
9803 2110
9804 1793
9805 1945
9806 2088
9807 1990
9808 1965
9809 1913
9810 1920
9811 2263
9812 1765
9813 1840
9814 1945
9815 1905
9816 1958
9817 1748
9818 1830
9819 2028
9820 1883
9821 1960
9822 1940
9823 2095
9824 1883
9825 1830
9826 2213
9827 1895
9828 1818
9829 2013
9830 2690
9831 1920
9832 2030
9833 2258
9834 2225
9835 2010
9836 2045
9837 2070
9838 1880
9839 1918
9840 1760
9841 1935
9842 1990
9843 2005
9844 1945
9845 2198
9846 1918
9847 1870
9848 1970
9849 1730
9850 1980
9851 1915
9852 2000
9853 1858
9854 1860
9855 2203
9856 1920
9857 2088
9858 1845
9859 2018
9860 1975
9861 2135
9862 1890
9863 1985
9864 2000
9865 1945
9866 1940
9867 1945
9868 2145
9869 1925
9870 2063
9871 2070
9872 1848
9873 2048
9874 1920
9875 1888
9876 1815
9877 1993
9878 2010
9879 1968
9880 2028
9881 1845
9882 1955
9883 1838
9884 2053
9885 1835
9886 2098
9887 1855
9888 2010
9889 1953
9890 2035
9891 1913
9892 1870
9893 1910
9894 2015
9895 1875
9896 1903
9897 2030
9898 1923
9899 2080
9900 1905
9901 2075
9902 1990
9903 1975
9904 1915
9905 2185
9906 2085
9907 2053
9908 1795
9909 2050
9910 1840
9911 1930
9912 1918
9913 1928
9914 2043
9915 1858
9916 2110
9917 2173
9918 2188
9919 1855
9920 1845
9921 2113
9922 2045
9923 2023
9924 1770
9925 1893
9926 2065
9927 1978
9928 2068
9929 2115
9930 1908
9931 1815
9932 2063
9933 2103
9934 1978
9935 2660
9936 1948
9937 1993
9938 1993
9939 1830
9940 1855
9941 1943
9942 1855
9943 2063
9944 1945
9945 1945
9946 1878
9947 2465
9948 2055
9949 1915
9950 2063
9951 2043
9952 1860
9953 2285
9954 2023
9955 1815
9956 1913
9957 2033
9958 2065
9959 2125
9960 2043
9961 2100
9962 2108
9963 2038
9964 2030
9965 1778
9966 2020
9967 2015
9968 1840
9969 1895
9970 1900
9971 1910
9972 2010
9973 2108
9974 2103
9975 1798
9976 1783
9977 1890
9978 2068
9979 1903
9980 1918
9981 1820
9982 2095
9983 1850
9984 1750
9985 1868
9986 2055
9987 1813
9988 1865
9989 2123
9990 2083
9991 1823
9992 1995
9993 2055
9994 2160
9995 1993
9996 1830
9997 2045
9998 2083
9999 1925
