1930
2058
1878
1735
1950
1848
2003
2003
2123
1938
1825
1868
2085
1858
2103
2095
1905
2013
2185
2220
2095
1995
1818
2025
1963
2010
1838
1940
2135
2053
2115
1930
1940
2138
2168
2238
1928
2180
1733
1948
2023
1935
2120
2175
1800
1925
1913
2015
2020
1990
1913
2005
2108
1863
1988
1893
1853
2025
2010
2010
1968
1968
2140
1900
2385
2125
1893
1858
1945
1953
2073
2085
2023
2018
1985
2050
1910
1985
2220
1943
1793
1948
2228
2245
2180
1975
2005
1940
2208
2108
2195
2028
2105
1945
1913
1938
2135
1965
2110
1930
1868
1820
1975
2013
1998
2150
2280
2105
1868
1935
1940
2023
2148
2170
1815
2055
2165
1905
1903
2425
1978
2145
2025
1898
2115
1945
1948
1883
1935
1905
2020
2005
1935
1925
2163
1903
2038
1963
1998
1853
2033
1980
1918
1888
2140
1770
1950
1968
1880
1928
2020
2003
1840
2098
1760
1890
1838
2018
1820
2145
1930
1983
1983
2058
1995
2098
2050
1915
1840
2115
1953
2075
1908
1858
2278
2083
1835
1960
1855
1920
1920
1785
1993
2073
1935
2190
1788
2088
2038
1945
2020
2033
1980
1963
2030
1915
2048
1875
1983
2050
1890
1973
1878
2210
1915
2108
1788
2173
2098
2213
2025
2085
2203
1970
2028
1795
1933
2148
2008
1890
1830
1953
2080
2015
2335
1890
1850
1925
2025
2045
2180
1848
1885
1923
1950
1830
1883
2028
1808
1973
1853
2303
1960
1883
1855
2175
2405
1878
2470
2015
1983
1910
2173
1955
2175
1885
2213
1970
1805
2000
2260
1843
2030
2093
2145
1855
2290
2110
1920
1883
2030
2080
2075
2165
1968
1743
2053
2080
1828
2175
2073
2043
2015
1848
2058
1983
1975
2240
1990
1883
1878
1905
2008
1875
2260
2020
2105
2048
2123
2273
2130
1963
1935
2405
1910
1900
2050
2055
1823
2178
2093
1970
2418
2123
1910
1903
2145
1835
1923
1890
2043
2053
2115
2053
1918
1843
1785
1825
1875
1910
1968
1850
1850
2055
2193
2090
1905
1895
1820
2043
1958
2025
2015
1810
1835
1800
1873
1883
2175
1870
2035
2065
2178
2008
1838
1908
1995
1950
2115
2038
1968
2010
2535
2005
2020
1890
2110
2025
2045
2040
1970
1955
1838
2178
2048
1895
1840
1880
1825
2135
1803
1905
2328
1985
1963
1958
1885
2110
2230
1933
2030
1918
1968
1865
1920
2043
1983
1920
1885
2138
2295
1925
2008
2080
1925
1885
1900
2060
1970
1915
2045
1930
2015
1958
1773
1925
1810
1935
1928
1985
2140
1923
1828
2238
1925
2053
1923
2188
2113
1885
1973
2280
1910
2015
2135
2053
1768
1880
1845
1905
1943
2035
1985
1898
2065
1953
2115
1885
2035
1873
2098
1980
2223
1725
2020
2070
1915
2088
2025
1973
1975
1913
2003
2060
1908
1880
1813
1910
2180
2003
2205
1808
2065
1943
2025
1895
2025
1900
2173
1938
1948
2115
2055
1968
2010
1963
2208
1965
2068
2225
1893
1858
1858
2103
2158
1935
1905
2080
2108
2015
1795
1980
2085
1843
2173
1943
2025
2013
1893
1965
1960
2078
2288
1978
1970
1805
2253
1893
1835
1910
1840
2078
2018
2250
2135
2070
1918
1838
1888
1890
1888
1968
2008
1923
1975
2063
2385
1975
1855
2083
2145
1908
2008
2195
2103
1833
1825
1925
1810
1970
2075
2123
1870
1903
2203
1983
2023
1953
1908
1928
1930
1913
1795
1800
2110
1763
2110
2240
2110
1925
1843
2005
1940
2145
2053
1855
1843
1880
1995
2173
1960
1978
1935
1995
1903
2128
1908
2045
2038
1950
2043
2128
1875
2248
2150
1810
2083
1843
1970
2020
2058
1993
1830
2113
2015
2040
1940
1863
2013
2010
1910
2038
2028
2038
1968
1928
2023
2220
1988
2175
1800
2068
2123
2093
1988
1873
2040
2108
1928
1918
1805
1983
1880
1800
1888
1848
2013
1960
1985
2048
2033
1893
1918
1825
1960
2005
2045
2245
1915
2200
2090
1900
1853
2285
2008
2075
2058
1868
1850
1870
1980
1940
1885
2093
1813
2100
1865
2065
1800
2093
2068
1858
1870
2010
1930
1875
1723
2143
1935
2060
1855
1835
1813
2165
2003
1943
2080
2140
2053
1943
1788
2025
1860
1888
2245
1910
1900
2303
1865
1980
1993
2120
1965
1903
1820
1890
1935
1790
2033
1823
1845
1973
1993
2205
1998
1933
2050
2180
2415
1860
2043
2020
1878
1953
2135
1913
1900
1915
2018
2403
1875
2053
1948
2045
1918
2145
2000
1785
1918
1940
1935
2078
1880
2015
2020
2068
1928
2380
1985
1988
1938
1988
1968
2015
1783
1925
1973
2320
1888
1925
2203
1820
1910
1978
1983
1848
1883
1993
2033
1788
2145
1893
1930
1888
2015
2133
1960
2135
1870
2363
1835
1925
1928
2075
2200
1870
2300
2085
2033
2165
1765
1770
2010
1968
1880
2198
1920
1868
2118
2045
1935
2000
1933
2035
2055
2225
1908
2055
2305
2073
2035
2053
1870
1910
2185
2075
1975
1970
2185
1893
2153
1905
1990
2075
1898
1868
1965
1868
1905
1905
2260
2008
2083
1843
2005
1920
1983
1998
1853
1958
1973
1868
1930
2003
1955
1843
2225
1973
2268
2218
1883
1998
2155
1885
1965
1960
2010
1883
2020
1915
2070
1908
1868
1780
2065
1980
2018
1968
2068
1900
1980
2558
2008
2258
1980
1818
2175
2080
1940
2035
2005
1828
1918
2160
2075
1970
1903
2148
2043
2015
1870
2133
2070
1820
2160
1880
1915
2073
2178
1923
2190
2133
2040
1895
1920
1843
2078
2035
1860
2375
2160
2010
2165
2020
1810
2013
1930
1968
2265
1928
2093
1993
1758
2200
2005
1910
2408
2030
1845
1970
2083
2215
2108
2003
2028
1810
2123
1945
1973
1815
2030
2065
1983
1873
2068
2090
1873
2003
1950
1830
2070
1975
2013
2005
2023
2215
2070
1918
1835
1850
1975
2155
2190
1888
2235
1945
1978
2090
1760
2303
2058
1923
2020
2015
1900
1958
1983
2040
2100
1933
1878
2233
2215
1800
1918
1995
1930
1960
1800
2060
2220
1843
2095
2228
1938
2023
1918
2223
1903
1993
2090
2085
1850
2143
2350
1968
2085
1938
1835
2228
1978
2250
2035
1925
1833
2243
1900
1855
2263
2038
2188
1973
2050
2050
1898
2755
2228
2038
2000
1918
1898
2168
2083
1910
2070
2110
2010
2053
2145
1895
2028
1935
2060
2065
1940
2028
2090
2008
2020
1918
1925
1888
2020
2080
1830
1830
2058
1768
1968
1858
1950
2150
2020
1990
1805
2073
1970
1933
1973
2158
1790
1820
1988
2050
1900
1920
2078
1940
2090
1948
1963
1840
1965
2143
2290
2008
1853
1998
1870
1948
1935
2008
2128
1870
2008
1970
1873
1990
1920
2363
2058
1895
2278
1990
2173
2130
2075
1898
1995
2055
1763
2205
1805
1750
1910
1818
1998
1950
1990
2120
2275
1785
1810
1810
2283
2153
1880
1928
1895
2040
2005
2015
2143
2083
1840
1855
1868
2110
1938
2010
1875
1860
2028
2248
2015
1980
2043
2010
2073
2090
1778
1858
1950
1920
2043
1930
2265
1838
1998
1910
2098
1990
2150
1853
1928
1998
1925
2358
2130
2130
2095
2015
2123
1943
2045
1900
1925
2115
1848
2213
1918
1988
1973
1960
2023
1823
1935
2010
2035
1940
1953
1845
1915
2020
1988
2073
1880
2000
1800
1860
1853
1900
1870
2070
1870
2015
2020
1905
2220
2070
1990
2163
2163
2298
2110
2290
1888
1993
1945
2025
1850
2030
1995
1925
2025
2000
1833
1798
1955
2018
2195
1920
1858
1815
1883
1893
2013
1923
2123
1923
2200
2168
1988
1923
1938
1925
2065
1968
2130
2105
1890
1920
1768
2120
2083
2005
1865
2055
1885
1920
2098
2033
2155
1888
1855
2060
1865
2130
2180
1920
2133
2120
1898
2033
2040
1940
1950
1845
1940
2043
2093
1918
1938
1900
1858
1903
1965
2158
1995
2018
2105
2123
2048
1903
2078
2055
1978
1920
1880
1870
2103
2080
1918
1973
2160
2085
2398
2050
1930
1910
2005
1828
2113
1983
1983
1855
1955
2093
1920
2018
2055
2050
2218
2015
1940
1975
1903
2015
1875
2095
1900
2098
1938
1870
1808
2023
1870
2228
2150
2068
2035
1938
2085
2005
1968
1810
2315
2015
1975
2083
1978
1990
1950
1860
1858
1865
2308
2020
1988
2100
1803
2283
2018
2023
2095
1860
1940
1858
2150
1840
1875
1925
1853
2013
2010
1893
1813
2110
1913
2135
1875
2243
2148
1750
1943
1835
1968
2195
2428
1988
1953
1870
2028
1900
2173
2165
1973
1878
2140
1940
2040
1828
2215
1975
2145
1953
2160
2030
1958
2148
2223
1993
1883
1818
2183
1958
2090
2025
1923
2095
1885
2273
2133
1978
1968
1968
1860
1875
1990
1953
1865
2058
1950
1933
1953
2145
2133
1870
1880
2075
1950
1945
1955
1928
1960
1905
2060
2163
2010
2203
1835
2245
2068
1860
2038
2068
2073
1985
1825
1905
2198
2075
1890
1890
2083
1945
1980
1988
2365
2115
1980
1910
2005
2105
2068
2018
1813
2085
2098
1975
1858
1843
2110
1870
2020
1905
2040
1975
2080
1918
1948
1903
1945
2175
2070
1913
1960
1933
1843
1905
1968
2100
2095
1973
2095
1858
2123
1915
1925
2043
1815
1958
1925
1843
2118
2078
2078
2190
2043
1923
2060
2263
1865
2255
1865
2040
2153
1793
1943
2003
2135
1850
2035
1830
1963
2065
2003
2018
2115
2050
2118
2030
2030
1890
2115
2058
1885
2408
1928
2265
2258
1880
2028
1850
2108
1995
2193
2095
2070
2048
2063
1958
2228
2153
1725
2215
1983
1805
2343
1788
2048
1943
2165
1978
2240
2070
1900
1973
2058
2033
1930
2015
1898
1968
1898
1978
1843
1910
1930
1765
1875
1835
2100
2095
1985
2155
1953
1960
1815
1888
1870
1973
2040
2215
2025
1923
2023
2163
1948
1890
1983
2138
2048
2040
1853
2198
2225
1898
2253
2253
2030
1810
1960
1988
1998
1845
2005
1943
1888
2155
2005
2313
1910
2045
2348
2223
1798
2158
2068
2163
1945
1965
2060
1958
1973
1935
2063
1938
1810
2048
1983
2153
1855
2410
2108
1988
2208
1850
1990
2140
2123
2245
1858
2028
1993
1978
1870
2003
1948
1818
2100
1875
2128
2110
1935
2260
2105
1995
2020
2190
1988
2185
1905
2048
2025
2205
2063
1885
2050
2115
2078
1828
2015
1955
2150
2025
1955
2145
2205
2020
1903
2068
1925
1880
1903
1865
2085
1935
2280
1878
2130
2140
2275
2033
2065
1783
2018
1985
1945
2025
1890
1995
1930
1870
2018
1970
2073
1905
2098
2163
1913
1845
2153
2115
1940
2078
2043
1895
1833
2070
1795
2038
2210
1915
2193
1900
2095
1943
1975
2010
2233
2165
2050
2175
1910
1908
1858
2180
1933
1988
1910
1825
2070
1950
2145
2035
1920
2213
1775
1950
2005
2040
2125
2098
2025
1975
1928
2018
1860
1910
1903
1885
1923
2200
2025
1875
1885
1838
1985
1925
1835
1863
1970
2085
2025
2023
1930
2000
1870
1993
2118
1963
1938
2193
2198
2050
2020
1870
1943
1870
1945
1858
2073
2160
2170
2065
1948
1920
2035
1910
2030
1853
2263
1915
1965
1905
1910
1938
1988
1915
1893
1983
1945
1910
2065
1815
1895
1860
2095
1943
1918
2025
2383
2070
1918
1993
2105
1925
1793
1865
1853
1810
1930
1965
1920
2058
2140
1843
1953
1725
1843
1955
2143
1985
1923
2168
1753
2378
2130
2148
1943
1928
1975
1973
1803
2088
2260
1968
2128
2268
2123
1910
2055
1985
1885
1823
1858
2233
1960
1845
1960
2123
1905
1960
2013
2240
1883
1948
1935
1935
1903
2110
1975
1983
1840
2075
1938
1835
1988
1975
1943
1885
2360
2035
2003
2025
1768
2005
1930
1938
1900
1878
2098
1980
1983
2073
1965
1860
2108
1883
1923
2120
1900
2110
1903
1875
1998
1973
2038
2168
2163
1870
1975
2105
2063
2240
2178
1935
2040
2053
1928
2078
1940
1885
1945
1925
1960
1948
1935
1865
1998
1850
1960
1868
1880
1898
1908
1915
1843
1973
2110
1945
1860
1958
2093
2185
1873
1945
1950
1920
2115
1885
2025
1983
2035
1968
1920
1833
1948
2143
1960
1985
1830
1960
2078
2065
2078
1893
1958
1975
2048
1993
2065
1935
2018
1940
1863
2310
2170
1843
2060
1958
1943
1983
1875
2118
1920
1933
2055
1803
1953
1888
1960
1875
1928
2010
2078
1983
2290
2135
2358
1850
2260
2333
1973
1848
1893
2205
2425
2080
2220
1810
2055
2015
1770
1948
2030
1865
1830
2070
2075
1900
1938
2008
1895
2123
1978
2103
1868
2020
2143
2140
2043
1965
1818
1845
2283
1850
2165
1985
2020
1823
2335
1828
2080
2023
2338
2113
2085
1830
1898
1955
2010
2145
1850
2105
1975
1913
1823
1995
2468
2005
2095
2403
2113
1905
1973
1875
2000
2258
2458
1870
1950
1983
1823
1950
1995
2010
1788
2060
2023
1738
1900
1943
1848
2020
2073
1948
2123
1948
2143
1973
2045
2115
1910
2098
1950
2000
1913
2040
1943
1970
2175
2075
1815
2003
2398
2090
1923
2253
1930
2188
1890
1928
1853
1800
2370
2285
1975
1893
1813
2113
2210
1998
1753
1993
2018
2003
1938
1910
2383
2113
1943
1958
1980
1980
1783
2228
2025
2020
1948
2008
1980
1978
2113
1823
2045
1848
2085
2013
1905
2270
2073
2175
2153
2040
1915
2065
1960
1950
1840
2000
2115
2228
1905
1923
2178
2005
2105
2273
2423
1993
1890
1880
1968
1835
1890
1920
1883
2063
1988
2293
1995
1935
2158
1850
2065
1905
2075
1893
2020
1903
2193
2058
2133
1948
1915
1973
2223
1925
1903
2135
1933
1983
1968
1938
1905
1773
2090
1923
1933
1988
1890
2025
1815
1883
1953
1955
1863
2128
2048
2075
2045
1843
1970
1703
2245
1910
1958
2265
1933
1988
2360
1960
2013
2045
2273
2110
1995
2170
2023
1943
2190
2180
2125
1993
1880
2025
2105
1993
1905
2078
2060
1950
1920
2030
2038
2140
2158
1985
2055
1978
2173
2115
1905
1815
1888
1968
2315
1883
2045
2038
2040
1928
1875
1993
2213
1865
2103
2108
2128
1918
1845
1908
2180
2135
2045
1930
2458
2180
2025
2000
1923
2085
2048
2010
1940
2023
2110
1913
2135
2048
2000
1880
1948
2058
1855
2003
1898
1835
1853
2070
1818
2045
1760
2008
2400
1990
1993
1985
1888
2048
2385
2045
1933
2483
2010
2013
1888
1835
1815
2225
2065
2110
2015
1908
1913
2038
1978
1858
1875
2108
2085
1940
2265
1893
1820
1855
1978
1868
2150
1845
1940
1880
2163
1910
2028
2135
1888
2000
1898
1970
1838
2075
1955
1898
2120
2130
1980
1863
1995
1895
1815
2013
1883
2113
2168
2303
2135
1900
1968
2045
1995
2218
2230
1958
2005
1878
2163
1913
2000
1843
2108
1790
1780
2038
1905
2245
1888
1803
1898
2145
1988
1985
1845
2088
2040
1758
2450
1868
2040
1878
1948
1993
2515
1953
1835
1935
1970
2318
2045
1788
2103
2003
1800
1993
1890
2190
1930
1745
2198
1988
1948
2020
2060
2065
1905
2000
2015
2335
1915
2240
2115
1905
2068
2000
1993
2275
2085
1958
2085
1970
1943
1833
1795
1923
1930
1850
1825
1925
2158
2200
1895
1848
1910
2105
1930
2150
2110
2090
1965
1900
2055
2085
2125
2230
1998
2168
2063
1795
2158
2103
2058
2213
1880
1850
2060
1825
1893
2068
2020
2025
1913
2160
2090
2033
1940
1888
1990
1993
2255
1973
2188
1813
1993
2158
1885
1943
2018
1888
1820
2175
1955
1988
1815
1838
1970
2065
1825
2013
1790
2055
2088
1870
1945
2638
1908
2033
1955
1835
2015
2080
2015
2100
1953
2238
2230
2288
1943
1828
1973
2055
2230
2118
1868
1925
1945
1988
2195
2043
2005
2003
1968
1920
2038
1910
2010
1945
1968
1863
1840
2013
1920
2045
2050
2115
1993
1990
1875
2003
1800
1928
1978
2205
1843
2100
2125
2245
2050
1915
2043
2038
1808
1760
1943
1833
1875
1815
1908
1980
2388
2130
1940
2188
1880
1980
1983
1865
2035
2055
2010
1915
1928
1863
1945
1948
2193
1960
1928
1968
1948
2045
1870
1868
2123
2110
2005
2035
1875
1940
1843
1998
1948
1865
2058
1840
1850
2323
2113
1923
1860
1823
1913
1965
2020
1875
2308
1868
1875
1950
1953
2128
1965
2120
2093
2145
2118
2100
1823
1970
1910
2050
1940
2035
2240
2043
2300
1898
2015
1825
2025
1953
1848
1853
1998
1870
1990
1933
1843
2033
2130
2053
1790
1965
2118
2003
1795
2068
2400
2123
1775
2223
2080
2098
2198
2180
2020
1835
1985
2125
1938
2038
1810
2138
2033
1910
2095
2038
2058
1973
2083
1825
2030
1805
1835
1955
1773
1880
1953
2190
1985
2063
1885
1975
2263
2150
2093
1875
1995
1875
1835
2145
1933
1923
2120
1843
1843
2055
1808
2228
2055
1875
2288
1955
1910
1938
2018
1923
1998
1815
1920
1853
1998
2070
2230
1865
1960
1913
2155
2065
1785
1900
2075
1838
1990
1833
1888
1875
1953
1953
1953
2038
2143
2093
1913
2273
1943
1775
2275
2070
1943
2188
1910
2440
2040
1855
1990
1810
1988
1890
2178
1888
2123
2085
1925
1930
1808
1905
1905
2080
2225
2365
1873
1998
1983
1843
1868
1913
1963
2373
2018
1925
2100
1998
2383
1900
1940
1993
2013
1880
1970
1920
2118
2053
1933
1955
2060
1758
1865
1978
1798
1990
2040
2123
2148
2028
1995
2078
2000
1998
1958
2195
1930
1900
1953
2053
2130
2068
1988
2010
1835
1970
2100
1900
2270
1803
1825
2043
1853
2260
1800
1998
1945
1965
2200
2015
2180
1955
1770
1840
1980
2100
1980
1845
1838
1873
2100
2225
2088
2060
2220
1825
2310
1873
1900
1928
1838
2465
1953
2063
1903
2020
1863
2043
2068
2485
2015
2305
1890
1920
2095
2073
1960
2128
2323
2025
1923
1993
1838
2090
1925
1870
1993
2200
2073
1975
2005
1920
2208
1995
1920
2300
2025
2115
2140
1935
1805
2148
1790
1855
1853
2028
1975
2280
2173
1950
2015
1980
2095
2118
2010
2010
1805
2050
2058
1930
1855
1828
2028
1880
1970
2098
1900
1833
1920
2020
2065
2038
1865
1958
1920
2050
1955
1928
2048
2253
1958
1853
1855
2133
2113
2160
2130
1855
1818
2025
2195
2055
1920
1978
2010
1855
2068
1785
1888
1853
2053
1908
2020
1945
2040
2048
1970
2248
1888
1970
1900
2003
2028
1840
1975
2043
1920
2030
1910
2008
1870
1983
2055
2208
1765
2050
1975
2023
2150
1850
1993
2215
2425
1863
1883
2005
2020
1810
1980
1913
1945
1963
2035
1900
1965
2143
1943
1948
2090
2338
1803
2120
2160
1955
2095
1948
2115
2018
1895
1943
2100
1943
1973
1883
1858
2018
1975
1910
1868
1898
2160
1835
1955
2178
2050
1978
2195
1920
1963
1868
1995
1813
2300
2120
2163
1890
1895
1905
1935
1963
2050
2095
2000
2198
1860
1993
2000
2185
2030
1985
1903
1905
2033
2025
2028
2095
2165
1933
2128
1908
2093
1848
2140
1870
1825
2008
1805
2143
1950
1898
1993
2043
2010
2255
2220
1960
1750
1913
1990
1850
2283
1835
1930
1943
1888
2020
2120
2113
2320
2098
2198
1980
2008
1900
2100
1883
2133
2358
2390
1835
1980
2038
2038
1803
2120
2000
2218
2323
1770
2033
1845
1960
2038
2165
1933
2038
1970
1875
1880
2048
1933
2120
1868
2008
1865
1958
2153
2090
1980
2150
2058
1975
1928
1893
1955
2025
1835
1980
2038
1893
1905
2183
1978
1865
1853
2203
2058
1983
2048
2388
1983
1823
2135
2190
1875
2200
2043
2158
2100
2213
2083
1975
2013
1780
1835
1958
1853
1895
1973
1988
1765
1898
2015
1960
1935
1863
1803
2165
1948
1910
1945
1910
1833
1923
1963
1875
1918
1820
2010
2045
2013
1950
2153
2175
1883
2063
2108
1870
1963
1918
2223
1915
2105
1873
2110
2010
1933
2020
1985
2010
2120
1920
2148
1920
2050
2105
1918
2093
1920
1893
2073
2073
2040
1830
2103
1980
1870
1943
1980
2083
1910
2198
2378
1868
1818
1968
1928
2015
1938
1900
1810
2053
1980
1990
1925
1965
1963
2055
2295
2030
2040
2078
1843
2075
2098
1760
1963
2078
1978
2055
1985
2085
2045
2045
1985
1868
1980
2130
1993
1910
2078
1863
1850
2163
2073
1888
1948
1963
1885
1905
1888
2198
2068
2065
2025
1813
1915
2190
1810
1953
1820
1928
2005
1838
1835
1885
2060
1958
1805
1805
1925
2355
1905
1915
1993
2005
2080
1938
2150
1908
2010
1948
2075
1908
2248
2018
2085
2105
2020
1895
1843
2113
2095
2258
2253
2065
2183
2110
1930
1913
2270
2073
1955
1800
1950
1923
2063
1995
2025
1893
2505
2150
2028
1918
2198
1890
2203
1770
2280
2115
2065
1908
1988
1823
1958
1895
1933
1930
1880
1945
2170
2115
2158
1883
2000
1815
2015
2100
1865
1958
2218
2040
2113
2050
2085
2065
2013
1845
1945
1988
1945
1960
2218
1915
2018
1930
1980
2065
2275
1853
1870
2010
2420
2035
1833
2420
2058
1760
1840
1948
1803
1950
1865
1878
1865
1945
1905
2075
1773
1915
1870
1935
1918
1943
1845
2048
2125
2165
1910
2213
1985
1925
1903
1973
2005
1913
1855
1900
2055
2095
1865
2205
2033
2103
1853
1803
2000
1875
2188
1963
1915
2005
1850
1865
2310
2053
1935
2225
1855
1960
1893
1870
1960
1988
1905
2340
2065
1930
2083
1990
1868
1990
1933
1893
1933
2085
2118
1963
2225
2040
2103
1850
1973
1910
1975
1805
2088
1948
1983
1813
2103
2025
2193
2318
1935
1913
2000
1903
2178
1998
1878
1903
2108
1890
1995
1835
1985
1943
1778
2075
2008
2140
1843
2118
1828
1920
1943
2190
2043
1965
2175
1888
1985
1908
1893
2205
2145
2018
2060
1950
2110
2025
1918
1945
2375
2135
1978
2133
1990
2200
2233
1885
2058
2018
2065
2063
1990
1923
1873
1883
2208
2128
1908
2115
1913
1810
2038
1870
1995
1945
1835
1868
1775
1788
1938
2213
1925
2325
1935
1990
2070
1923
2033
2203
2058
2093
2018
2215
1793
1813
2208
1960
1848
1843
1970
1815
1940
1898
2095
2050
1890
1795
1908
2160
1923
1873
2028
1925
1918
1798
1873
1895
2398
2100
1943
1970
2043
2140
1898
2100
1780
1953
1930
2175
1875
1905
1993
1948
1858
1880
1910
1870
1815
2100
2095
1938
2003
2238
1910
1873
2335
1850
1885
2055
1988
1910
1928
2005
2015
1908
2180
2048
1725
2043
1985
2003
1890
2425
2048
2225
2208
2088
2030
1993
1820
2020
2055
2005
1988
1923
1945
1823
1910
1785
1965
1843
1825
2100
2000
1985
1898
1830
2205
2135
2080
1888
2015
2095
1980
1915
1990
2025
1880
2028
2090
1898
2235
1943
1890
1878
1780
2203
2025
1960
1953
1918
2088
2145
1808
2125
2010
1900
1960
1833
2120
1918
1888
1958
2075
2088
2105
2028
2010
2503
1890
1858
2093
1825
1943
2125
2048
2058
1880
1930
1938
1970
1868
2035
1840
2068
2055
1838
2003
1928
2060
2140
1795
1938
2048
1948
2030
1970
1960
2095
1888
2058
2248
2033
2063
2120
2215
1963
1775
1818
1918
2088
1893
1840
2165
1948
1980
2000
1930
1808
2193
1848
2118
1880
2113
2090
1943
1883
1945
2148
1938
2335
2015
1880
1985
2223
1950
1805
2200
1918
2088
1845
1868
2230
2255
2083
2053
2165
2003
2410
2055
1905
1943
1865
1888
1953
2253
2138
2015
1773
1998
2100
2073
2088
1943
2060
1915
2028
2123
1830
1890
2105
1930
2128
2063
1853
2238
2265
1995
1980
2125
1978
2070
2093
1893
2038
1950
2005
1963
1843
1855
1948
2068
2045
1910
2005
2125
1865
2048
2100
1858
2030
2118
2080
1905
1950
1850
1888
2108
1960
1905
1938
1913
1860
1840
1880
2008
1995
1863
1908
2195
2013
2048
2100
1935
1875
1945
2000
1903
1890
1880
2180
2070
1915
2098
1828
2140
2115
1950
2080
1953
2060
1865
2143
1978
1873
1983
2020
2270
1875
1943
1755
1953
2083
2005
1843
2020
1813
1973
1953
2240
1823
1985
2083
1883
1908
1880
1965
2070
1895
1850
2310
2173
2153
2200
2300
2110
2108
2110
2020
1878
1893
1985
1915
1958
2023
2080
1973
2233
1880
2233
2118
2065
1943
1900
1930
2183
1963
1980
2165
2015
1878
2213
2000
1885
2055
2100
2005
1903
2023
2133
2010
1748
1903
1885
1823
1980
1975
1943
1943
1880
1955
2258
1830
2435
1995
1935
2035
1955
1953
1950
1940
2270
1790
2015
1790
2070
2130
2200
1980
2265
2023
2215
2035
1988
2023
2000
1773
1980
1803
1965
2063
1880
2020
2038
1930
1953
2065
1898
1963
1895
1928
1925
1870
1960
1898
2128
1930
1860
2070
1990
2168
1843
1900
2070
1950
1900
2113
2040
2175
1785
2028
1833
1980
1898
2090
1918
1715
2048
2080
1948
2018
1975
1875
1940
2085
2148
2240
1970
1915
2020
1995
1900
1940
1980
2225
1750
1908
2190
2018
2240
2108
2075
1830
2048
1868
1883
1903
2093
2020
1973
2003
2008
2090
2090
1813
1830
2225
1878
2358
2078
1838
1963
2033
2075
1995
2288
2145
2323
2095
2085
1963
1928
1915
1873
1930
2040
1945
1875
2108
1848
1913
2105
2088
2015
1990
2175
2043
1938
2053
1953
1998
2105
1975
1868
2095
2008
1823
1918
2273
2198
1995
2290
2018
1998
1850
1980
1985
2033
1830
2003
1950
1883
2125
1903
2025
1913
2110
1890
1950
2060
1930
1900
2125
2018
1868
2028
1915
1858
1793
1873
2245
1965
1988
2048
1903
1898
2150
1995
1978
2033
2388
1878
2195
1968
2068
2215
2185
1960
2158
2235
1878
2013
2103
2040
2083
1770
1725
1990
1915
1895
1978
1810
2113
2055
1768
1765
1880
2088
2013
2148
1890
2005
1795
1873
1948
2010
1988
2075
2160
1845
1918
2080
2235
1880
1998
1880
1955
1805
2290
2090
2043
2060
1923
1955
1998
1935
1933
2005
2080
2095
2038
2050
1985
2273
2223
2240
1858
2025
1980
1938
1900
1985
2128
1875
1840
2080
1848
1913
1988
1738
2050
1818
2075
1853
2083
1983
1930
1978
1995
2010
1950
2143
2345
2178
1895
2200
2028
2045
2055
1848
2085
2118
1805
1805
2068
1963
1983
2043
2003
1925
1980
1808
1920
1985
2085
1855
1960
1858
1820
2135
1970
1935
2110
1848
1865
2025
1978
1773
1885
2025
2038
2253
2380
2000
1880
1920
2190
2073
2135
2148
1880
1885
1920
1805
2075
2013
1808
1950
1905
1968
1943
2005
2000
1920
2008
2183
1835
1853
2150
1955
1940
2090
2025
2070
1855
2003
2148
2175
1993
1853
1948
1823
1825
2043
2115
2135
2068
1870
1860
2043
1975
2025
2115
2035
2168
2018
2120
1928
2040
1865
2055
1993
2075
2030
2223
2010
2025
2185
1940
1873
1935
2070
2150
1990
1763
2115
2160
1815
1855
1935
2043
1940
1815
1760
1783
1845
1865
1765
2040
1870
1938
1970
1933
2248
2138
1945
2050
2330
2133
1885
1940
1893
2128
1813
2060
2058
1960
2280
1793
2505
1928
1970
1815
1930
1945
1938
1975
1978
1955
2155
1950
2065
2155
1988
2038
1825
1815
1810
2093
2003
2020
1885
1940
2275
2315
1928
2128
2030
1910
2020
2070
2278
2015
2175
2115
1960
1833
1855
2168
1808
2220
1848
1845
2140
1965
2138
2153
2000
1785
2155
1968
1850
1895
2255
1943
1885
2015
2093
2158
1958
2180
1915
2085
1970
2015
2148
2135
1875
1920
1823
2020
2043
2045
1960
1923
1758
1945
1993
1770
1813
1938
1960
2325
2125
1805
2018
1808
1923
2030
1975
1990
1833
1930
2023
2080
1930
2070
2058
2225
2360
2183
1910
2260
2095
1928
1938
2043
1865
1940
1795
1843
1885
1970
2093
2118
2100
2043
1990
1883
1993
2078
1968
1870
1938
2133
1905
1918
1873
1935
1818
2180
2095
1875
2080
2300
2138
1945
2020
1878
1905
1798
1805
1913
2028
2300
1945
1903
1855
2065
1983
1955
1900
1943
1850
1823
1968
2405
1868
1835
2070
1855
2248
1948
1893
1958
2030
2010
2005
1965
2040
1933
1915
1968
1865
1888
1890
1888
2183
1968
1963
1970
1860
2095
2070
2195
1990
1923
1858
2043
1898
2058
2240
2105
2168
2105
1900
2220
1930
2215
2018
2245
1838
2000
1790
1933
1930
2108
1950
1825
2298
2275
1923
1853
2050
2068
2295
2138
1955
1928
1883
2223
2140
2028
1868
1965
2055
2013
1860
1925
1898
2073
1940
2035
1958
2048
1960
1878
2075
1780
1970
1980
1833
1825
1910
1968
2063
2063
2030
2043
2105
2243
2000
1833
2023
1835
2173
2105
1960
1950
1858
1880
1753
1908
1928
2010
1870
2210
2050
2035
2083
2075
2183
2090
2035
2013
1798
2023
2055
1778
2090
2003
1898
1968
1903
1875
2085
1905
1985
1888
1988
1873
2205
1920
2010
2068
1913
1915
1978
1910
1810
2015
2175
1943
1870
2010
2105
2205
2015
1880
2000
1933
1823
1980
1980
1910
1910
1845
1863
1960
2073
2155
1945
2090
2015
2148
1898
1945
2075
2018
1990
2088
1838
1938
2020
1970
1930
1855
2125
1885
2080
2025
1970
2105
1865
2120
1838
2050
1788
1998
2063
1820
1835
2035
1968
2005
2145
1900
2018
1710
1925
2310
1838
1905
1990
2003
1915
2455
1813
1968
2028
1995
2160
1855
2110
1920
1993
1865
1913
1928
1838
2148
2305
2120
2035
1878
1765
1945
1960
2070
2023
2003
1890
2180
1940
1908
2080
1875
2033
2293
2240
2075
1838
1918
2148
2238
1945
2085
2055
1980
2175
2023
1955
1880
2173
1875
1858
1923
1933
2120
2080
2133
2073
2193
1803
1880
1900
1823
1905
2050
1880
2248
1823
2180
2140
1993
1860
2218
1968
1935
1848
2090
1800
2295
2008
2145
2043
2453
2045
1938
1958
1968
2265
1998
1835
1980
1905
1873
1813
1983
1793
2125
2010
2028
2190
1830
2175
1845
1850
2193
1838
1885
1945
1970
1998
2118
2055
1900
1935
2208
1995
1948
1975
1935
1995
1953
1970
1955
1970
2330
2035
1818
2115
2000
1920
1923
2113
1948
2140
1930
2173
1875
2043
1988
2010
2065
2115
2383
1910
2205
1925
2025
2150
2060
1835
1918
2055
1870
1905
2118
1923
2040
1938
2123
1975
2055
1983
1918
1860
1985
1725
1983
1973
1925
2000
1965
1910
2230
1800
2110
2250
2040
1850
2053
1855
1893
1895
1923
2005
2018
1950
2115
1903
1988
2010
2030
1900
2120
2090
2095
1830
1870
1998
2130
1893
2123
2405
1948
2075
2105
2140
1953
2310
2100
1893
1973
1895
1985
1803
1878
1973
2035
2213
2173
2013
2068
2115
2123
1985
2180
1910
2100
1840
1703
2180
2110
1888
1970
2013
1920
1893
1885
1980
2028
2123
2010
1890
1920
2045
1838
1875
2003
1958
1965
1950
1915
1920
2053
2230
1925
1950
2275
1860
1900
2313
1855
2278
1970
2113
2135
2205
2168
1918
2070
1875
1805
2053
1953
2150
1890
1965
2188
1858
1923
1810
1943
2035
1910
1938
2018
1935
2065
1818
2013
2015
2020
2273
2093
1993
2175
1990
1783
2200
2068
2158
2168
1863
1965
2208
1923
2013
2265
2000
2080
1898
1955
2010
2078
1998
1980
2095
1993
1955
2078
2055
1890
1943
1908
2043
1933
2038
2010
1888
1950
2338
1925
2130
1903
1990
1970
1933
1860
1945
1845
1963
1908
2003
1925
1853
1860
1875
1978
2138
1868
2135
2065
2005
2313
1983
2023
2115
1933
2128
1945
2043
1828
2015
2105
1945
2345
2075
2080
1830
1990
2078
1818
1993
2140
2023
1805
1988
2205
1955
1828
2010
1995
2055
2108
2043
1818
2010
2083
1883
1833
2390
2143
2145
2110
2070
2090
1858
1830
2085
2155
2065
2050
2128
1933
2193
1995
1860
1975
2215
1928
2190
1900
1895
2283
2148
2173
1948
2150
2035
1865
2085
1900
1863
2023
1990
1858
1863
1958
1885
2325
2013
2125
1930
2223
2203
1915
1843
2048
2050
2105
2000
2095
2123
2033
2335
1913
1940
2023
1968
1860
2233
2220
1928
1980
2120
2360
1988
1910
2025
2003
1943
1983
2080
2135
1803
2158
1915
2038
2188
1900
2105
1835
2033
1870
1990
1988
2183
2010
1845
2045
1955
1850
1965
1885
2155
1843
1985
2043
2205
1810
1825
2385
1995
2123
2093
1895
1933
2203
1985
2110
1970
2075
2105
2000
1870
2038
2090
1828
1945
2325
2170
2030
1925
1958
1885
2045
1988
1923
2005
1840
2113
2060
1868
1985
2205
1978
1873
1895
2068
1845
1815
1835
1983
2060
2063
2085
1945
1840
1850
2080
1983
1918
2085
2013
1968
2135
2005
1978
2023
2040
1823
2015
1958
1785
1925
1975
2138
1888
1903
2010
2010
2078
1908
2155
1885
2100
2023
1943
1955
1975
2038
1875
2185
2063
1930
2080
1913
1920
1863
1995
2068
2065
1930
1873
2058
2028
2080
1943
1868
1935
1860
1815
1900
2055
2033
2088
1983
1898
1978
1978
2115
2805
1945
1875
1975
1888
1888
1958
2368
1988
2088
1913
2015
1958
1890
2060
1820
2348
1885
1973
1963
2003
1868
2235
1880
1883
2000
2153
2133
1855
1905
1840
2043
1918
1903
2015
1950
1833
2015
1973
1990
1845
1778
1928
2023
1913
1983
2185
2353
2035
1945
2133
2200
2068
1858
2105
2153
1928
1965
2310
2200
2153
1950
2110
1908
1960
1915
2018
2258
2065
2078
1748
2455
1978
2128
1935
2113
1963
1843
1905
1930
2300
1883
2035
2118
1963
2083
1845
1980
2150
1973
1953
1890
1930
1885
2120
1973
2030
2093
1850
1945
1995
2015
1935
1895
2070
2035
1908
1943
1955
2140
1968
1895
2053
1825
2015
1900
1895
1935
1958
1920
1918
1978
2073
2025
2035
1888
1998
1935
2035
2140
2040
1943
2038
2005
2495
1988
2038
1855
1943
2155
2010
1930
2005
1985
2163
2033
2070
1900
2100
1960
1975
1818
2180
2080
1850
1820
1933
2075
1940
1980
2000
2165
1825
2128
2293
1990
1910
1865
2128
2115
1915
1820
2000
2190
2095
2093
1988
2305
1943
1883
2203
1990
2005
2033
2030
1800
1930
1858
2003
2100
1825
2145
2258
2068
2080
1968
1835
1935
2195
2025
1830
1968
2043
2103
1995
2055
1905
2188
2045
2010
1868
2005
2403
1848
2005
1995
2265
1918
2040
1970
1978
2005
2128
1925
2135
1930
2088
1835
2188
2148
1900
2198
2078
1980
2060
2043
2145
1975
2190
2185
2130
1843
1970
1865
1915
2178
1913
1875
1993
1878
1948
2125
1945
2060
1910
1945
1865
1778
2095
2135
1873
2025
1913
1910
2025
1845
1970
2003
2005
1925
2005
1973
1918
1993
1940
1903
2273
1868
1730
2005
1840
2118
2050
1960
2083
2100
2035
1895
1875
2213
1863
1735
2060
1908
2145
2058
1920
1833
1920
1948
2198
1950
1780
2085
1980
1918
2133
1828
1923
2095
2233
1958
2050
1958
1840
2035
1945
2100
2075
1873
1975
1943
1963
1858
1890
1875
1950
1963
2015
2120
1875
1870
1905
1975
1983
2040
1923
1870
1890
1910
1893
2148
1955
2240
1860
2048
2035
2130
2183
2040
2160
1868
1945
2283
2090
1913
2063
1995
1773
1795
1893
1915
2098
2068
1865
2170
1850
1870
1978
1813
2005
1840
2225
2078
1813
1970
1895
2098
1810
1840
2005
1980
1955
1940
1923
2238
1885
1893
1900
1865
1978
1920
2000
2008
2123
2090
2048
2030
2118
1840
1913
1868
2175
1965
2058
2003
2365
1890
1840
2030
2005
2100
2090
1830
1900
1930
2030
2135
1750
1853
2080
2083
1750
2183
2070
2305
1793
2100
2033
1865
2003
1935
1838
2105
2028
2080
1920
1880
1973
1900
2045
1935
1800
2015
2040
1975
2358
1915
1893
1933
1798
1895
2118
2088
2050
1920
2050
2148
2100
1950
2105
1943
2010
2125
2098
1885
1900
1930
2025
1995
2078
2133
1905
1965
2083
1810
2033
2233
1850
2083
1825
2033
2243
1865
1880
1895
1845
2030
1748
1965
1903
2305
2400
1965
1870
1730
2063
1958
1908
2100
1940
1990
2098
2280
2015
1793
2000
2360
1953
2173
1885
1770
1888
1913
1940
1913
1963
1953
1933
1965
1993
2075
2275
1793
1928
1998
2313
1970
1948
1783
1890
1828
1905
2303
1818
1863
2128
2050
1983
1978
1850
1840
2118
2078
2060
1963
1890
1955
1853
1880
2018
1915
1998
2030
1953
2173
1715
2083
2108
2415
2280
1910
1865
1953
1940
1925
1805
1970
1953
1983
2123
2053
1908
2000
1915
2463
2018
1843
2065
1905
1883
2090
2140
2003
2173
1815
1938
1995
1793
1915
1938
2260
1923
2048
1905
1965
2053
2335
1905
2055
2060
2113
2168
1885
1910
2185
1870
2050
1933
1865
2168
2138
2135
1925
2013
2143
2160
1890
2385
2065
2073
2163
1755
2170
1950
1893
1888
1873
2095
1965
1750
1998
1935
2095
2405
2013
2150
2060
1913
2263
2038
1938
1933
1858
2065
1933
1948
2018
2128
2128
1958
2053
1933
1943
2005
2045
1935
1988
1930
1850
2078
2148
1938
1995
1798
2150
2018
2293
2158
1925
2050
2003
1973
2003
1770
2000
1913
2020
2018
2110
1913
1975
2465
2008
2013
2063
2515
1870
2100
1943
1940
2155
2158
2010
1963
2165
1913
1973
2048
2328
2150
2013
2063
1880
1863
1905
1960
2120
1905
2030
2075
1873
1908
1855
1883
1890
2048
1938
1935
1908
1848
2393
2225
1970
2265
1855
2153
1950
2183
1830
2260
1915
1953
1788
2255
1965
2038
1928
1845
1878
2190
2165
2000
1830
1848
2025
2260
2080
1888
1828
1835
2020
2093
2070
2088
1953
1985
1805
1950
1893
2050
1758
1940
1863
1853
1995
1865
2020
1905
2015
2113
2250
1960
2235
2300
2013
1938
1878
1893
1770
1843
1913
2118
1953
1960
2110
1970
1895
2165
2095
1960
1900
2003
1935
1928
2465
1970
1813
1838
2073
1915
2100
2205
2195
2140
1853
1930
1983
2095
2070
2085
2173
2093
2010
2225
2160
1930
1935
1820
1930
2070
1943
1930
1793
2085
1895
1990
2055
2305
2145
2175
2053
1945
2045
2005
1898
2250
2163
2090
2115
2185
1950
1850
1985
2160
2040
2100
1768
2040
2200
1988
2238
2003
1965
1860
1978
2175
1915
1963
2190
2088
1910
1940
1845
2028
2095
2045
2018
1958
1885
2110
1960
2013
1835
1885
2300
2053
2075
2063
1910
1930
1878
2085
1825
1960
1880
1855
1990
1943
2080
1798
2008
2080
2015
1920
1938
1975
2060
1925
1920
2068
1830
1898
2018
2053
2078
2083
2120
1885
2005
2088
2075
1860
1895
1965
1930
1818
1893
1853
2040
2028
2215
1828
2140
1855
2498
1975
2218
1973
2150
2008
1860
2150
1803
1945
2000
1833
1948
2083
2095
2043
1920
2108
1963
1930
1963
1770
1908
2063
1998
2390
2123
1923
2163
2090
1825
2043
2410
1970
2160
2005
1975
1968
1843
1795
2033
2468
2123
2018
1840
2088
2185
2100
1920
1883
1935
1903
2170
2075
2120
2173
1945
1900
1765
2250
2173
2190
1940
2125
2080
2160
1953
1770
2268
2035
1890
2073
1865
2283
2253
2000
2018
2048
2160
2105
1845
1953
1935
2058
2115
1783
2068
1895
2045
2085
1988
1963
2083
1855
1940
1833
1925
2008
1895
1900
2075
2003
1863
1833
1830
2075
2103
1948
1945
1848
2008
1950
1990
2088
1850
2025
1918
2065
2328
1903
1993
2140
2078
2043
1833
2093
1900
2163
1943
1968
2065
2125
2085
2253
1970
2158
1945
2103
1950
1958
1923
2005
2005
2075
1955
1948
2033
2050
2140
1888
1990
2195
2078
1943
1748
1783
1933
1848
1805
2065
2145
1973
2060
2093
2115
2260
2215
2025
1838
1880
2275
2110
1868
1965
1845
2175
2100
1975
1875
2315
1893
1785
2113
1978
1970
1915
2218
1805
1785
1833
1805
2308
1925
1825
1820
2125
1955
2055
2015
1900
2105
1843
1983
1905
1885
1970
2043
1980
1845
1998
1865
2065
1883
1945
1900
2190
2150
1803
2043
1920
1963
1873
2203
1995
2088
2005
1978
1980
2020
2130
1930
1913
1885
1828
2148
2190
1943
1983
1888
1870
1915
2285
1895
1928
1998
1875
2078
1920
1998
1923
2058
2055
2055
2108
2025
1895
1950
2010
1905
1843
1813
1858
1873
1880
2058
2178
1955
1960
2160
2650
2143
2005
1900
2068
1963
1838
1755
1953
2023
1943
2045
1885
1958
1870
1958
2020
2005
1995
2125
2238
2155
2070
1965
2158
2125
1845
2025
1943
1885
2295
1895
1978
1808
1905
2015
2045
2243
2108
1918
1888
1983
2395
2113
1845
2148
2023
1898
2035
2053
1910
1848
1840
1855
1998
1758
1940
2033
1968
2075
1810
2170
1835
1945
2065
2085
1960
2163
2175
1838
2073
1938
2273
1925
1878
2040
2278
1863
2118
2090
1988
2333
2280
1878
1938
1885
2073
1960
2210
1865
1880
1943
1993
1973
2075
2088
1953
1980
2040
2020
2173
2213
1990
2003
2208
1998
1885
1735
1970
1955
1795
2060
2245
1870
2263
2025
1880
2048
2010
2075
1913
1953
1885
1850
1855
1815
1965
2148
2135
2128
1918
1975
1975
1905
1975
2060
2005
1793
1910
2030
2125
2123
1920
1983
1888
1920
2060
1955
1875
1990
1873
1823
1865
1985
2250
2108
1948
1928
1845
2218
2123
1953
1920
2170
1955
2080
2130
2238
2118
1928
1965
1980
2253
1873
2050
2340
1975
1968
1790
1883
1918
1855
2098
1748
2148
2058
2068
1985
2008
1898
1833
2175
1920
1908
1930
1978
1858
2148
1953
2088
2188
1820
2055
1875
2070
1960
1988
1863
1858
1965
1888
2058
2048
1875
1958
1935
2183
1978
1960
2240
1808
1990
2045
2055
2058
2085
1860
1923
1955
1875
1860
2268
1890
1890
2123
1875
1998
2015
1790
1915
1903
2013
1945
2105
2030
1970
2075
2373
2203
1760
1830
2048
1953
1898
2098
2538
1920
2275
2105
2090
1915
1875
1823
2063
1938
1865
1870
2085
2230
2178
1855
1910
2065
2100
1998
2000
2223
2013
2025
2028
2030
1825
1775
1998
1913
2450
1970
1940
1948
1805
1978
1978
1968
2075
2133
1983
1848
2013
1948
2100
1968
1965
2158
1898
2065
1883
1835
1868
1988
1905
1878
2023
2120
2273
2210
1900
2063
1945
2173
1990
2023
1990
2570
2038
2035
1975
2073
1990
2038
2073
2133
1918
1830
2040
2295
1995
2148
1900
2305
2013
2083
1928
1918
2063
1895
2375
2183
1973
1923
1983
2195
1810
2195
2150
2140
2048
1970
1968
2073
2105
2150
2080
1950
1943
1900
2110
1878
2155
1840
2088
2008
1855
2188
1913
1945
2048
2163
2288
1928
1870
1988
2145
1883
2430
2008
1963
1928
1873
1980
2193
2475
1903
2363
1845
2173
1925
2250
1948
1950
2073
1920
2075
1823
2060
1890
2070
1895
1875
1963
2065
2110
2070
2095
2110
2075
1923
2303
1760
2083
1788
1948
1970
2075
2360
1975
1988
1868
1855
2145
2135
2263
2078
1890
1975
2013
1860
2023
2055
1985
2310
1948
2078
1970
2003
2073
1968
2095
2115
2018
1928
2010
2035
2050
1928
1825
1873
2003
1870
2063
2198
1780
2028
1983
2013
1858
1863
1950
2293
2028
1905
2235
2018
1923
1968
2013
1970
2048
2018
1855
1913
1898
2050
2105
1963
1913
2035
2040
2055
2168
2168
1873
1985
2080
2135
2220
2170
2003
1885
2118
1845
2000
1885
1845
1953
1950
2068
1915
1923
1990
1993
1805
2105
1908
2093
2158
2320
1825
1925
1920
2055
1883
1903
1860
2048
2100
2083
2170
2005
1995
1890
1958
1978
2148
1903
1873
2063
1810
2008
2053
1950
1960
1980
2078
1895
1813
2105
2015
2063
2083
1970
2058
1845
2063
1785
1990
1883
1860
2263
2230
1948
2325
1833
2123
2045
2073
2128
1880
1940
1865
1820
2170
2073
2288
2098
1893
1995
2000
1970
2188
2098
2265
1878
1870
1928
1765
2045
2120
1835
1915
2150
2088
2018
2220
2160
2358
2088
2035
2033
2010
2160
1915
2315
2165
2125
1928
2055
1898
1910
1963
1965
1938
1808
2008
1883
1970
1983
1778
1958
1880
1848
1935
1883
1870
1813
1865
1985
1805
2110
2003
1893
2128
2013
2163
1965
1925
2153
2195
1850
1733
1858
2040
1980
2035
2385
2205
1980
1868
1945
1923
2008
1998
1960
2035
1955
1903
2105
1945
2000
1978
2110
1950
1858
1995
2055
2243
1985
1970
2133
2083
2065
2193
1785
1738
2093
2180
1800
2053
1873
2093
2010
2013
1865
1913
1945
1920
1810
2113
2348
2135
2145
2113
1950
1953
1850
1925
1823
2125
2055
2033
1993
1880
1920
1933
2175
2098
1810
1845
1808
2083
1828
2135
2200
2065
1783
2083
2045
1865
2060
1980
1903
1870
1778
2145
2023
2140
1913
2113
2008
1955
2220
1970
1915
2215
2015
1868
2578
1895
1775
1840
2018
1893
2275
2045
1875
1870
2080
2015
1988
2083
2185
1958
1918
1930
1915
1880
1918
2093
1995
2030
1953
2265
1933
1900
2075
1855
2203
2140
2058
1960
2183
2130
1865
2073
1895
1983
1840
1993
1990
2020
2125
2218
1898
2020
1940
2180
1968
1840
2033
2015
1978
1758
2243
2003
2010
2075
2110
2003
1878
2005
2018
2208
1945
1918
2145
1885
2160
1983
2360
1815
2040
2193
2328
2503
1888
1840
2040
1838
1938
1850
1945
2030
2015
1945
1893
2043
1850
1853
1805
2040
1810
2035
1945
1990
1868
1905
1968
1900
1975
1895
2068
2070
2070
1865
2203
1898
1995
1928
1883
2038
2340
2040
2330
2020
2088
2303
2343
1835
2138
1945
1833
1985
2273
1980
1980
2140
2423
2033
2093
1903
2128
1923
1883
2118
2015
2110
1885
2165
2070
2035
1848
1823
2120
1968
2348
2033
2028
1988
1823
2065
1930
1965
2028
1858
1970
2153
2115
2160
1785
2093
2163
2040
1935
2235
1890
2093
1910
1935
2005
1905
2115
1975
1888
1923
1835
2100
2010
1908
2175
1998
2228
1820
2145
2065
1998
2235
1870
1963
1858
1900
2073
2075
1885
1938
2030
2030
1993
1775
2175
2135
1910
2025
2230
2020
1990
1910
2270
2133
1873
2145
2095
2100
2035
1815
1785
2088
1845
2005
1955
1970
2038
1948
1970
2395
1905
2225
2125
2133
1928
2148
1985
1848
1955
1935
2000
1863
2105
1993
1965
2445
2030
2023
1943
2125
2063
2070
2193
2100
1925
1893
2008
2003
1995
2048
1755
1795
1998
1758
1925
1948
2110
2383
1953
1870
2190
2073
2270
2045
2110
2075
1825
2013
2028
2005
2400
2105
2085
2043
2035
2055
2060
2390
2195
2173
1965
1910
1975
1955
1900
1958
2100
1988
1875
2013
1928
1880
1798
2435
1978
1860
1935
1923
2158
2245
2115
1893
1940
1960
1935
1978
1825
1873
2135
2600
2105
1995
1733
2163
2080
1828
1890
2010
1805
1950
2243
1888
2043
1898
1905
2310
1960
1838
2080
2175
2068
1865
2008
1950
1915
1923
1958
2250
2000
2188
1900
1988
1858
2053
2213
2230
1990
2003
1960
1968
1900
1950
2145
1915
2240
2380
1895
2148
1880
1998
2018
1905
1890
1878
2018
2045
2058
1853
1975
2188
2198
1925
1903
2165
2060
1950
1945
2023
2165
2015
2205
1988
2128
2405
2678
2000
1780
1983
1815
1845
1950
1883
1988
2203
1910
2030
1813
1793
2140
1988
1965
2058
1918
1958
2050
1945
2138
2160
1915
2018
1913
1868
2008
1815
1993
1910
1793
2418
1920
1860
2118
1955
2028
1813
2363
2075
2038
1998
1865
1945
1945
2080
2005
2010
1930
1898
2003
2360
1963
1915
1840
2073
2100
1995
1963
1798
2145
2053
1988
1953
1825
1965
1885
2018
1990
1885
1910
1930
1918
1973
1923
2135
1813
1915
1878
1748
2320
1935
1858
1875
1998
1883
2200
1945
1978
1985
2160
1865
1780
2288
2268
2013
1905
2005
1865
1843
1983
2223
1828
2108
1810
2048
2103
2143
1958
1950
2083
1853
1938
2205
2050
1853
1968
2325
1938
2000
2060
2030
2120
2005
2023
1975
2008
2095
2115
2198
2018
2188
1935
2075
2048
2110
2115
2183
1793
2005
1978
1933
2065
2140
1830
2133
2158
1835
1915
1985
2013
2058
1978
2015
1975
1720
1810
1795
1910
1995
1895
1920
2478
1940
2175
1823
1925
2010
1938
1920
1925
2290
1860
1820
2098
1928
2153
1790
2070
2120
1955
1873
1955
2048
2063
2093
1905
2080
2055
2008
1905
2163
1855
2295
2160
2010
2005
1920
1975
1870
1938
2198
1920
2190
1918
2033
2310
2030
2040
1895
1915
1928
1855
1923
1808
2053
2188
1938
2065
1960
1940
1795
2143
1918
1898
2148
2318
1903
1795
2043
1950
1913
1920
1955
1853
2045
1985
2113
2035
1998
2193
1923
1813
2355
1970
1830
1895
1960
1930
2043
1955
1830
2120
2030
2300
1985
1945
2085
2028
1920
2148
2068
2003
1783
1945
1885
2038
2160
2265
1973
1898
1945
1845
2363
1925
2085
1938
1818
2040
1858
2145
1963
1758
2058
1993
1983
2105
2200
1935
2023
1950
2038
2000
1915
1908
2020
1935
1940
2035
1885
2078
2003
2185
2048
1928
2003
1830
1933
1830
2033
1905
2320
1960
2098
2060
1980
1818
2130
1978
1958
2210
1953
2018
1973
2018
2253
1890
2008
1998
1885
2115
1843
1975
2083
1943
1923
2100
1845
1833
2000
2288
1793
2163
2133
2050
1958
1905
2048
1863
1880
1943
1990
1835
2010
2253
1853
1980
1955
2068
2060
1970
1978
2173
2005
1943
2113
2025
1805
2200
1925
2113
2138
2188
1885
2120
2370
1998
1743
1855
2165
1965
1905
1928
2015
1988
1883
1940
2080
1898
1943
2053
1973
2135
1980
1858
2170
2045
1925
1983
1983
1895
1998
1890
1885
1943
1935
2125
2043
2133
1875
2020
1810
1993
2125
1895
1975
1953
1898
2055
2120
1895
1910
2125
2043
2193
1865
2088
1990
2493
2065
2205
1963
1893
1905
2060
1890
1820
1830
2238
2008
1988
2103
2015
2495
1938
1913
2010
2615
1913
1990
2220
1873
2048
1848
2118
1968
1985
1950
2155
2058
1915
2175
2195
1963
1895
2058
1800
1933
1875
1890
2265
1895
1980
2278
1905
1978
2028
2060
2225
1888
1973
1908
1953
2015
2040
1920
1880
2070
2305
2113
2008
2088
2098
1985
1895
2030
1980
1900
2005
2110
2125
2113
1945
1825
1933
1990
1758
2180
1888
1768
2003
1975
1908
1950
2000
1810
2300
2150
1865
1878
1968
2318
1848
1860
1788
2118
2130
1948
2130
2000
2063
1935
2070
1823
2145
1983
1963
2163
1923
1915
1885
1823
1953
2115
1900
1968
2003
1885
1760
2070
2193
1903
1908
1940
2033
1980
2060
1998
1870
1928
2063
1910
1980
1908
1958
2118
2095
1890
1835
2090
1955
1905
2180
1903
1915
1970
1873
1843
1835
2035
1950
1995
2103
2290
2118
1918
1853
1905
2285
1868
2083
1860
2140
1838
2015
1853
2055
1925
1875
2003
2008
1985
1903
2050
1898
1970
2198
2033
1898
2210
2033
2113
1983
1815
2065
1895
2108
2020
1963
1720
2120
2155
1930
1873
1893
1885
1825
1958
2150
2020
1813
2350
1930
1978
2025
1935
1875
2058
1960
1958
2003
1978
1920
1875
2100
2055
1880
1845
2190
2093
2100
2040
1915
1870
2083
1880
1938
1960
2265
1823
2248
1980
2085
2103
1900
1875
1988
1968
2233
2095
1883
2038
2035
2043
1890
1883
2395
2285
1960
2168
1925
2085
2113
1973
2138
1918
1790
2010
1795
2095
2020
1923
1878
1928
1915
1820
2200
1843
1928
2005
1975
1955
2310
1933
2113
1935
1900
2080
2033
2030
2060
1945
1955
1865
1975
1930
1895
1990
2193
1838
1993
1955
1828
1923
1778
1883
1985
2000
2068
2153
1995
1915
2333
1840
1958
1998
1920
1910
1895
1890
2055
1838
2253
2163
1858
1948
1978
2013
1813
2030
2003
2068
2305
1960
1810
1890
2390
1933
2218
1900
1825
1960
1893
2075
1848
2198
2063
2080
2463
2153
2030
1983
2045
2038
1810
2068
2080
1925
2210
1908
1965
2010
1940
2020
2115
1875
1935
1875
2165
1928
1935
1910
2028
2000
2110
2423
1983
1985
1988
1988
2045
2015
1973
2055
1920
1783
1950
1960
1993
1830
2103
2183
2008
1943
2078
1800
2078
1838
2175
2030
1890
2068
1895
1958
1785
1913
2245
1770
2030
1995
1895
1945
1840
2040
1865
1873
2060
2015
2095
1845
1935
1990
1963
1890
2090
2143
2220
1898
1913
1905
2183
1920
1960
2230
2313
1855
2028
2075
2005
2160
2045
1950
2103
1923
2055
2608
1945
2008
2220
1890
1825
2278
2025
2003
2528
1985
1860
2035
1923
1973
1865
2108
2168
1960
2063
1828
2168
1918
2013
2053
2088
2048
2103
2300
1918
1853
1975
2055
1888
1913
2095
2143
1950
2058
1960
1905
2295
1900
1945
2030
2020
1895
1925
2123
2143
1938
1873
1995
1960
2248
1998
2253
2025
2055
2113
1948
2093
2175
2240
1785
1895
1923
2018
1998
1918
2235
1870
2100
2160
2038
1798
1893
2013
1880
1968
1800
1980
2300
1815
2188
1905
2003
2080
1935
2170
2005
2048
2078
2058
2068
1995
2073
2295
1898
2105
1990
1830
2045
2083
2103
1798
1923
2000
2095
2103
1845
2010
1868
1833
1950
2295
1805
2055
2008
1898
2025
1980
1835
1970
2060
1975
1990
1983
1873
1920
2140
2330
2093
1850
2325
2043
2035
2098
1998
2290
1808
2053
2145
1793
1960
2045
2108
1940
1875
1885
2203
2030
2130
1833
1968
1825
1870
2083
1873
2158
1983
1980
1903
1853
2138
1933
2395
2038
2093
1805
1988
1898
1878
2038
1965
2105
2198
1910
1988
1935
2088
2013
2138
2235
1840
2193
1938
2123
1973
2160
1845
1793
2098
2168
2170
1890
2080
2133
1875
1925
1935
2005
1860
1940
2313
1945
2020
1870
2205
1950
1773
2145
1975
1840
1915
1850
1800
2100
2035
1890
2105
2060
2305
2080
2115
1913
2180
1920
2075
1970
2088
1978
2630
1828
1778
1905
1938
2173
1985
1875
2005
1943
1870
1883
1885
2018
1950
2035
1985
1855
2003
1940
2368
1755
2260
1990
1883
1865
1935
1930
2335
1920
1965
1965
2010
1930
2240
1945
1930
2200
1980
1813
2120
2060
1925
1935
1960
1798
2015
1780
1890
2040
1828
1800
1975
1893
1923
2035
1950
1963
2070
1963
2018
1983
1995
1898
1865
1850
1895
1955
2038
1823
2050
2070
1928
1855
2078
1998
1923
2120
2055
2078
2370
1888
1925
1960
1920
2260
2138
2065
2090
1885
1948
2175
2010
1990
2065
1823
1855
1958
1928
2000
1870
1900
1988
1930
1828
1835
2058
2260
2035
2455
2105
2113
1915
2045
1975
1800
2110
1895
1930
1993
1933
2030
2120
2095
1978
1928
2053
1820
2350
1863
2018
2050
2018
2083
1935
1850
1930
2228
1918
2035
1948
1955
1925
1963
2123
1815
2043
1865
1913
1928
2005
1963
1880
2025
1895
2310
1758
1998
2078
1935
2180
2078
1938
2035
2028
1965
2193
2050
1865
2053
2140
2043
2010
2093
2023
2098
2200
2150
1928
2035
2078
2165
2008
1893
2098
1940
2110
2245
1888
1788
2000
1950
2165
2115
2168
1925
2073
2140
2070
1840
1920
1893
1910
2160
1855
2105
1993
2100
2233
1798
2010
1975
1945
2188
2270
2000
1983
1840
1963
2055
1955
1895
2010
2110
1938
2005
1935
1958
1838
1925
1918
1980
2028
1783
1840
2265
2118
1840
2180
1973
2008
1940
2245
1943
1860
2160
2120
2135
2030
1865
2090
2058
2208
2068
1998
1943
1915
1970
1888
1893
2098
1828
2110
1918
2090
1950
1873
2030
1823
1970
2108
1925
2005
2088
1828
1943
1820
1793
1970
2105
2060
1800
1730
2073
2028
2030
1900
1815
1990
1865
1943
1913
2340
1945
2108
2193
1958
2330
2293
2120
1813
2070
2060
2070
1965
1858
1958
1800
2393
2088
1915
1995
2288
1945
1870
1860
2150
1855
1900
2088
1810
2043
1845
2020
2005
1823
2025
2083
2123
1950
2060
2018
1825
1873
2105
1855
1973
2073
1990
1850
2065
1990
1970
1950
2015
1815
2055
2135
1813
2060
1795
2118
1930
1865
1873
1938
1910
2098
1885
2053
1970
2068
2210
1973
2038
1943
1855
1890
2393
1765
2043
1848
2183
1965
2088
1933
1848
1963
2230
1945
1970
2160
2048
1908
1913
2043
1855
2015
2110
1838
2070
2168
1935
1888
2025
1933
1888
2180
2048
1910
2278
1875
1963
1910
2290
1810
2188
2070
2058
2010
2080
2080
1980
2013
1870
2130
2073
1943
1978
2210
2235
1998
1963
2363
2103
1885
1943
2190
2053
2003
2103
2068
2188
1943
1938
2008
1958
1740
1943
2100
1943
2063
2003
2040
2068
1898
1895
1895
1985
1878
1898
1995
1965
1853
1925
1943
1955
1990
2035
2290
1955
2048
2105
2040
2020
1980
1965
2080
1915
2035
1898
1975
1858
2098
1965
2013
1958
1900
1953
2313
1953
2008
2063
2233
1968
1840
1925
1980
2063
2063
2233
1928
1903
2028
1985
1913
2115
2293
2170
2010
1903
1975
2318
1790
2153
2005
2018
1958
2118
2000
1838
2105
1968
2033
1993
1898
1960
2003
1845
1958
2030
1970
1923
1963
2045
1865
1940
2088
2098
2103
2130
2050
2055
1945
1935
1885
1963
1870
1870
1958
2085
2095
1943
1853
1885
2083
2038
2085
1860
2030
1875
2020
1883
1940
2253
1935
1758
2028
1900
2085
1975
1883
1813
2033
1793
2200
2130
1930
2158
2080
1950
2098
2160
2090
1965
1918
1843
2075
1890
2048
2018
1968
1978
2215
1905
2013
2200
2083
2043
2045
1720
2075
2180
1928
1953
1878
1978
1978
2165
2020
1885
2150
1913
2138
2035
1968
2123
2205
2048
1885
2035
2135
2108
1933
2118
2038
1920
1868
1990
1933
2143
2040
1853
1955
1883
2165
1870
2060
1930
2143
1858
2085
2060
1998
1910
2030
1910
2110
2088
1875
2315
1983
2000
1900
1918
1788
1998
1988
2010
1915
2028
1948
1885
2008
1923
1920
2165
2030
2025
1920
1893
2285
1915
1793
2000
1823
2138
2060
2045
2078
1843
2190
1883
1930
1965
1920
2058
2130
2003
2003
1850
1945
1958
2008
2053
1985
2300
2115
2040
2040
1928
2165
2030
2135
1960
1868
2040
2088
2058
2108
2013
1855
1895
2270
2153
2080
1885
1988
2680
1835
1868
1843
1998
2018
2095
2093
1850
1890
2190
2148
1968
1818
2125
1885
2095
2078
1780
1975
1950
2130
2023
2415
1923
2110
2423
1890
2048
1740
1825
1890
2030
2038
2300
2240
1988
2090
2215
1958
1958
2218
2053
1968
2220
1853
1825
1960
1913
1890
1993
1978
2010
1983
1970
2075
2073
1948
2015
2035
2490
2058
1938
1775
2358
2223
1838
1935
2080
1940
1858
2010
2025
2093
2035
2053
1845
1873
1915
2085
1885
2025
1910
1955
1875
2008
2073
1945
2158
2095
1850
1883
1938
1910
2065
2603
1973
1895
1818
2143
1855
2283
2225
1898
2068
1868
1860
1968
1933
1943
2138
1963
2053
1888
1983
2105
2218
1868
2053
1905
2070
1865
1880
1735
2040
2015
1990
2053
2023
2598
2090
1878
1860
1795
2043
1875
1928
1963
1963
1998
1955
2085
1903
2015
2163
1968
2108
1923
1940
1950
2198
2075
1878
2010
2005
1828
2070
1980
2073
1943
1850
2160
1920
1943
2178
1963
2070
1863
1970
2010
1910
1930
1975
1865
1803
1868
1770
2333
2298
2150
2070
2168
2058
1915
1805
2050
1955
2125
1945
2010
1848
2118
1983
1955
1960
2048
1858
1930
2023
1960
2025
1880
1970
1920
2128
2145
1850
1830
1920
2098
2000
1953
2023
1850
2165
1903
2015
1923
1945
1870
2045
2055
1988
1858
2008
1973
2058
1945
1928
1935
2078
2078
2018
1850
2118
2025
2278
2005
1930
2088
2095
1805
1948
2035
1995
2213
2100
1993
2183
2090
2163
2168
1960
2040
1955
1940
1820
2285
1930
1975
2225
1963
1988
1838
1930
1818
2168
1938
1920
2085
1950
1990
1875
2053
2015
1898
1865
1858
1755
2110
2650
2135
2093
1938
1898
1868
1960
1938
2258
2113
1935
2090
2158
1953
1905
2123
2108
2185
2233
1855
1950
2023
1980
1743
2243
1830
1990
2055
2000
1908
2000
1915
2073
2003
1998
2015
2080
1928
1985
1970
2068
2050
1805
1850
2178
1918
2018
2015
2145
1873
1940
1978
1890
1968
1963
2195
1985
2130
1873
2075
1915
1930
1908
1858
2055
1773
2285
1935
1933
1970
2215
1935
2128
1953
2093
2028
1928
2360
2105
1933
1848
1945
2050
2033
2123
2093
2103
1880
1910
2220
2220
2268
2240
1983
2205
2140
1983
1960
1843
1823
2155
2100
2195
1883
1850
1978
1985
2218
1973
1855
1910
1993
1880
2530
1845
2118
2155
1935
1965
1868
2118
2120
1910
2143
2045
2158
1953
2010
1908
2038
2073
2028
1900
1895
1940
2063
2103
2058
1973
2203
1915
1805
2030
2110
2048
1945
1930
1775
1995
2095
2180
1953
1958
1805
1940
2030
2008
2008
2155
2153
1965
1888
1950
1983
2045
1830
2098
1908
2068
2115
1880
1923
2053
1960
1955
1903
2020
1948
2065
1973
2175
2078
1860
2078
2198
1940
1970
